,0,1,2,3,4,5,6,mal
0,0.12646370023419232,-0.044558823529411706,0.030076081787921982,-0.21308290155440412,-0.1548404115009232,0.09733498068062169,-0.1603693724400146,1
1,0.1725214676034349,-0.028235294117646997,0.0022586780789348726,-0.10945595854922277,-0.08704827222368765,0.0037351394553385986,-0.1603693724400146,1
2,0.10109289617486365,0.03720588235294117,-0.02817403708987165,-0.15641191709844557,-0.09628066473226059,-0.000575379548457336,-0.1603693724400146,1
3,0.0015612802498051193,-0.03088235294117641,-0.019020446980504035,-0.14119170984455956,-0.08045370614613556,0.043145598918615684,-0.1603693724400146,1
4,0.1069476971116318,0.020588235294117643,-0.0007132667617687494,0.022668393782383472,0.023212872592983408,-0.008580629126935496,-0.1603693724400146,1
5,0.13348946135831408,-0.005147058823529352,-0.0059438896814075215,-0.1703367875647668,-0.08309153257715639,0.02590352290343196,-0.1603693724400146,1
6,0.09465261514441867,0.010073529411764738,0.003209700427960094,-0.14443005181347146,-0.09100501187021891,0.036371926198364934,-0.1603693724400146,1
7,0.2962529274004685,-0.002941176470588173,-0.07132667617689026,-0.11463730569948183,-0.13822210498549192,0.03329298405279642,-0.1603693724400146,1
8,0.1608118657298986,0.0225,-0.06371849738468865,-0.16839378238341968,-0.08625692429438139,0.06654555922493645,-0.1603693724400146,1
9,0.04566744730679183,-0.0013235294117646384,0.011768901569186863,-0.07901554404145075,-0.017673437087839597,0.018514061754067508,-0.1603693724400146,1
10,0.07045277127244368,0.03176470588235294,0.0007727056585831171,-0.16515544041450775,-0.13096808230018464,0.013587754321157872,-0.1603693724400146,1
11,0.15339578454332561,-0.046323529411764645,0.03483119353304809,-0.19106217616580307,-0.14402532313373778,-0.0098122059851629,-0.1603693724400146,1
12,0.14637002341920383,0.05691176470588235,-0.009510223490251934,-0.17227979274611396,-0.2007385914006858,0.017282484895840097,-0.1603693724400146,1
13,0.15417642466822803,0.009558823529411764,-0.04220161673799344,-0.0965025906735751,-0.09522553415985226,0.013587754321157872,-0.1603693724400146,1
14,0.09113973458235779,0.003088235294117683,-0.018247741321921085,-0.11172279792746109,-0.10366657873911894,0.05546136750088977,-0.1603693724400146,1
15,0.08508977361436405,0.03382352941176471,-0.02853067047075597,-0.21308290155440412,-0.14402532313373778,0.05792452121734459,-0.1603693724400146,1
16,0.10655737704918058,0.02029411764705882,-0.008202567760342228,-0.09067357512953364,-0.09153257715642309,0.06161925179202682,-0.1603693724400146,1
17,0.15066354410616714,-0.034485294117647,-0.047253922967189776,-0.18426165803108804,-0.13677130044843047,0.03945086834393346,-0.1603693724400146,1
18,0.11709601873536325,-0.003235294117646996,-0.0041607227769852595,-0.08419689119170981,-0.06119757319968344,4.0408880656372936e-05,-0.1603693724400146,1
19,0.030054644808743425,0.01441176470588235,0.0001188777936281804,-0.12435233160621759,-0.11316275389079396,0.03821929148570605,-0.1603693724400146,1
20,0.1569086651053865,-0.004852941176470522,-0.022824536376604754,-0.1522020725388601,-0.13162753890793982,0.03206140719456901,-0.1603693724400146,1
21,0.09055425448868099,0.002132352941176502,0.020684736091298173,-0.1551165803108808,-0.1035346874175679,0.02651931133254567,-0.1603693724400146,1
22,0.12880562060889955,0.04147058823529411,-0.00487398953875412,-0.12694300518134713,-0.14059614877341067,0.05546136750088977,-0.1603693724400146,1
23,0.1604215456674474,0.03705882352941177,-0.03851640513552068,-0.11334196891191707,-0.10419414402532311,0.06531398236670904,-0.1603693724400146,1
24,0.06440281030444991,-0.037205882352941116,-0.040061816452686805,-0.10168393782383417,-0.09707201266156684,0.10718759554644094,-0.1603693724400146,1
25,0.16549570647931322,-0.004999999999999966,0.018366619115549265,-0.08257772020725386,-0.09641255605381163,0.04376138734772939,-0.1603693724400146,1
26,0.17017954722872763,-0.0545588235294117,0.010936757013789822,-0.14054404145077717,-0.13268266948034818,0.014819331179385276,-0.1603693724400146,1
27,0.14637002341920383,0.09102941176470587,0.016642891107941038,-0.029145077720207205,-0.05908731205486677,-0.013506936559845126,-0.1603693724400146,1
28,0.09718969555035155,0.0010294117647059488,-0.03411792677127917,-0.15025906735751293,-0.14639936692165653,0.022208792328749734,-0.1603693724400146,1
29,0.11651053864168637,0.018823529411764708,0.010401806942463288,-0.15414507772020722,-0.1494328673173305,-0.03259637786236996,-0.1603693724400146,1
30,0.17408274785323974,0.0225,-0.0035663338088444685,-0.15608808290155438,-0.17093115273015033,0.04807190635152532,-0.1603693724400146,1
31,0.10811865729898543,-0.046470588235294055,0.014740846409890596,-0.13018134715025903,-0.19493537325243998,0.04191402206038828,-0.1603693724400146,1
32,0.1600312256049962,0.062058823529411763,-0.019377080361388632,-0.06347150259067355,-0.06620944341862303,0.04437717577684309,-0.1603693724400146,1
33,0.13524590163934444,-0.011470588235294052,-0.06657156443176421,-0.0968264248704663,-0.10406225270377208,0.09487182696416686,-0.1603693724400146,1
34,0.1233411397345826,0.024411764705882348,-0.02163575844032345,-0.04274611398963726,-0.020311263518860437,0.06038767493379941,-0.1603693724400146,1
35,0.13895394223263102,-0.041911764705882294,-0.03697099381835478,-0.1042746113989637,-0.047217093115272994,0.03575613776925123,-0.1603693724400146,1
36,0.03669008587041399,-0.04558823529411759,-0.016048502139800358,-0.1159326424870466,-0.0633078343445001,-0.008580629126935496,-0.1603693724400146,1
37,0.106362217017955,-0.001985294117647028,0.031978126485972425,-0.06606217616580307,-0.06911105249274596,-0.019664820850982173,-0.1603693724400146,1
38,0.1487119437939111,-0.017941176470588172,0.049809795530195045,-0.20336787564766837,-0.15273015035610654,0.04807190635152532,-0.1603693724400146,1
39,0.17056986729117884,0.07911764705882353,-0.034236804564907186,-0.04468911917098441,-0.08150883671854389,0.05792452121734459,-0.1603693724400146,1
40,0.08821233411397372,0.011764705882352938,-0.05860675225867812,-0.04922279792746108,-0.05302031126351884,0.10965074926289577,-0.1603693724400146,1
41,0.0714285714285717,-0.0095588235294117,-0.025796481217308542,-0.19656735751295334,-0.1494328673173305,0.08255605838189277,-0.1603693724400146,1
42,0.08391881342701041,-0.016617647058823463,0.031978126485972425,-0.08031088082901552,-0.0387760485360063,4.0408880656372936e-05,-0.1603693724400146,1
43,0.06088992974238902,-0.08632352941176472,0.050879695672848335,-0.049870466321243465,-0.09601688208915851,-0.018433243992754755,-0.15667197517732578,1
44,0.17505854800936776,0.02352941176470588,-0.004695672848311849,-0.14961139896373055,-0.13228699551569503,0.009893023746475646,-0.15667197517732578,1
45,0.08274785323965678,-0.002499999999999938,-0.05361388492629582,-0.08808290155440412,-0.09654444737536268,0.03329298405279642,-0.15667197517732578,1
46,0.18384074941452,0.07441176470588236,-0.06787922016167386,-0.10556994818652847,-0.11922975468214189,0.09240867324771204,-0.15667197517732578,1
47,0.11709601873536325,-0.065735294117647,-0.0099857346647646,-0.20725388601036265,-0.12898971247691898,0.11827178727048764,-0.15667197517732578,1
48,0.2119437939110071,-0.011029411764705822,-0.013908701854493721,-0.19170984455958545,-0.17436032709047744,0.07024028979961869,-0.15667197517732578,1
49,0.14305230288836862,-0.02124999999999994,-0.050523062291963905,-0.10459844559585489,-0.08994988129781058,0.05792452121734459,-0.15667197517732578,1
50,0.2423887587822015,0.04970588235294117,-0.03756538278649546,-0.1832901554404145,-0.08177261936164598,0.05422979064266237,-0.15667197517732578,1
51,0.05932864949258419,0.01676470588235294,-0.022586780789348615,-0.1742227979274611,-0.06409918227380637,0.07024028979961869,-0.15667197517732578,1
52,0.016393442622951074,-0.09426470588235293,0.011768901569186863,-0.08678756476683935,-0.04115009232392507,-0.01473851341807253,-0.15667197517732578,1
53,0.17857142857142874,0.05411764705882353,0.04802662862577278,-0.10654145077720203,-0.09970983909258768,0.018514061754067508,-0.15667197517732578,1
54,0.04722872755659667,-0.028529411764705817,0.0483832620066571,-0.16450777202072536,-0.16407280400949614,0.05299821378443495,-0.15667197517732578,1
55,0.14988290398126472,0.027205882352941177,-0.06526390870185456,-0.08225388601036267,-0.10208388288050643,0.051766636926207546,-0.15667197517732578,1
56,0.19750195160031234,-0.011249999999999937,-0.0979553019495959,-0.05537564766839374,-0.05407544183592718,0.1268928252780795,-0.15667197517732578,1
57,0.07494145199063257,-0.01911764705882347,-0.025320970042796098,-0.33290155440414504,-0.23265629121603795,0.10841917240466836,-0.15667197517732578,1
58,0.11280249804839995,-0.03808823529411759,-0.04446029481692826,-0.22668393782383417,-0.16934845687153782,0.05669294435911718,-0.15667197517732578,1
59,0.04215456674473095,0.005147058823529472,0.011055634807418002,-0.029145077720207205,-0.06251648641519386,-0.019664820850982173,-0.15667197517732578,1
60,0.07396565183450454,0.027205882352941177,-0.014740846409890651,-0.10524611398963728,-0.09931416512793455,0.0006561973097700818,-0.15667197517732578,1
61,0.10109289617486365,0.03279411764705882,-0.03756538278649546,-0.04209844559585488,-0.025586916380902117,0.07762975094898314,-0.15667197517732578,1
62,0.05191256830601118,0.003529411764705946,-0.04279600570613412,-0.1709844559585492,-0.12107623318385648,0.05546136750088977,-0.15667197517732578,1
63,0.17369242779078853,0.05044117647058823,0.007727056585829839,-0.2020725388601036,-0.14244262727512527,0.140440170718581,-0.15667197517732578,1
64,0.12939110070257628,-0.028676470588235234,-0.025558725630052403,-0.08095854922279791,-0.04774465840147716,0.07762975094898314,-0.15667197517732578,1
65,0.03981264637002367,-0.010588235294117582,-0.06193533048026639,-0.05764248704663209,-0.06172513848588761,0.023440369186977145,-0.15667197517732578,1
66,0.12607338017174108,-0.009999999999999936,-0.04101283880171186,-0.07448186528497407,-0.0519651806911105,0.023440369186977145,-0.15667197517732578,1
67,0.16705698672911798,0.004558823529411825,-0.0745363766048503,-0.18069948186528495,-0.1142178844632023,0.02467194604520455,-0.15667197517732578,1
68,0.1336846213895396,-0.004926470588235263,-0.019020446980504035,-0.15414507772020722,-0.08836718543919807,0.04191402206038828,-0.15667197517732578,1
69,0.19672131147540992,-0.013235294117646994,-0.001307655729909707,-0.11269430051813469,-0.08599314165127932,0.020977215470522323,-0.15667197517732578,1
70,0.07416081186573015,-0.054411764705882285,0.00059438896814068,-0.10686528497409323,-0.08098127143233973,0.03575613776925123,-0.15667197517732578,1
71,0.09387197501951626,-0.025294117647058766,-0.0184260580123633,-0.15803108808290153,-0.12635188604589814,-0.04368056958641664,-0.15667197517732578,1
72,0.30171740827478544,0.055735294117647056,-0.09094151212553503,-0.12694300518134713,-0.11870218939593773,0.030829830336341596,-0.15667197517732578,1
73,0.18306010928961758,0.03558823529411764,-0.047313361864003756,-0.1003886010362694,-0.06620944341862303,0.086250788956575,-0.15667197517732578,1
74,0.1963309914129587,-0.056470588235294064,-0.04885877318116977,-0.272020725388601,-0.17383276180427326,0.05669294435911718,-0.15667197517732578,1
75,0.12665886026541784,0.013014705882352966,-0.03435568235853531,-0.08678756476683935,-0.03679767871274067,0.0037351394553385986,-0.15667197517732578,1
76,0.12373145979703383,-0.014558823529411704,-0.04933428435568227,-0.15673575129533676,-0.1223951463993669,0.05546136750088977,-0.15667197517732578,1
77,0.12217017954722899,-0.05808823529411758,-0.03982406086543033,-0.10556994818652847,-0.09865470852017935,-0.004885898552253257,-0.15667197517732578,1
78,0.18696330991412968,-0.1052941176470588,0.03590109367570138,-0.2759067357512953,-0.1630176734370878,-0.024591128283891803,-0.15667197517732578,1
79,0.1036299765807965,-0.023308823529411705,0.0308487874465051,-0.04792746113989632,-0.07056185702980741,-0.10525941249778709,-0.15667197517732578,1
80,0.14129586260733812,0.02970588235294118,0.07548739895387557,-0.14313471502590672,-0.1828013716697441,-0.01720166713452735,-0.15667197517732578,1
81,-0.08196721311475386,-0.0898529411764706,0.11519258202567761,-0.25906735751295334,-0.311263518860459,-0.027054282000346624,-0.15667197517732578,1
82,0.09055425448868099,0.04029411764705882,0.0199714693295292,-0.17551813471502586,-0.2769717752571881,-0.11326466207626526,-0.15667197517732578,1
83,0.2671740827478533,0.09816176470588239,-0.19394912030432726,-0.09326424870466318,-0.1333421260881034,0.19278218719324586,-0.15667197517732578,1
84,0.0874316939890713,-0.11117647058823532,-0.1105563480741798,-0.39572538860103623,-0.22447902927987334,0.17492432274894842,-0.15667197517732578,1
85,0.04371584699453579,0.019852941176470587,0.07203994293865912,-0.10945595854922277,-0.05961487734107093,0.2389663193767737,-0.15667197517732578,1
86,-0.0074160811865727205,-0.08308823529411764,0.10009510223490259,-0.05181347150259065,-0.05671326826694801,0.1958611293388144,-0.15667197517732578,1
87,0.06811085089773641,0.009705882352941203,0.11703518782691391,-0.12467616580310878,-0.16882089158533364,0.13428228642744394,-0.15667197517732578,1
88,0.08665105386416888,0.023382352941176472,-0.026153114598193028,-0.05958549222797925,-0.13162753890793982,0.13181913271098913,-0.15667197517732578,1
89,0.19750195160031234,-0.057205882352941106,-0.11804564907275328,0.04339378238341973,-0.14085993141651276,0.10841917240466836,-0.15667197517732578,1
90,0.22989851678376277,0.019558823529411764,-0.12089871611982889,-0.11139896373056991,-0.10498549195462936,0.04807190635152532,-0.15667197517732578,1
91,0.1459797033567527,-0.007720588235294054,-0.021219686162624818,-0.13082901554404142,-0.06686890002637824,0.00619829317179342,-0.15667197517732578,1
92,0.017174082747853495,0.08397058823529412,0.06252971944840713,0.007772020725388656,0.012134001582695883,-0.0061174754104806744,-0.15667197517732578,1
93,0.05308352849336481,-0.02249999999999994,0.08796956728483118,-0.08225388601036267,-0.09469796887364809,0.04807190635152532,-0.15667197517732578,1
94,0.21077283372365346,-0.014999999999999937,0.062054208273894296,-0.15867875647668392,-0.18359271959905038,0.06531398236670904,-0.15667197517732578,1
95,0.20882123341139744,0.30007352941176474,-0.0016048502139799914,0.0016191709844560198,-0.08493801107887097,0.4754290761564362,-0.15667197517732578,1
96,0.15144418423106956,-0.009264705882352876,-0.05694246314788398,-0.1936528497409326,-0.1092060142442627,0.7599233304069677,-0.15667197517732578,1
97,-0.03122560499609653,-0.17691176470588235,0.010580123632905392,-0.27461139896373055,-0.16934845687153782,0.5209974199108504,-0.15667197517732578,1
98,0.19711163153786113,0.009117647058823525,-0.0077270565858297835,-0.19494818652849738,-0.1503561065681878,0.3337977374602842,-0.15667197517732578,1
99,0.12353629976580824,-0.08345588235294117,-0.0818473609129815,-0.08225388601036265,-0.04154576628857819,0.04807190635152532,-0.15667197517732578,1
100,0.08313817330210799,-0.04249999999999994,-0.08000475511174526,-0.15608808290155438,-0.0387760485360063,-0.1723803512711809,-0.15667197517732578,1
101,0.08899297423887614,0.033970588235294114,-0.06122206371849748,0.02979274611398966,0.05539435505143764,-0.20686450330154832,-0.15667197517732578,1
102,0.1653005464480876,0.12433823529411762,-0.02775796481217313,-0.016839378238341918,0.027169612239514668,-0.05845949188514554,-0.15667197517732578,1
103,0.2201405152224825,0.07617647058823529,-0.00487398953875412,-0.2215025906735751,-0.10630440517013978,0.16260855416667436,-0.15667197517732578,1
104,0.05776736924277934,0.05102941176470588,0.03875416072277704,-0.1593264248704663,-0.08282774993405431,0.32517669945269234,-0.15667197517732578,1
105,0.05230288836846239,0.06558823529411764,0.031145981930575384,-0.005829015544041402,0.0034291743603271085,0.31162935401219083,-0.15667197517732578,1
106,0.1381733021077286,-0.002647058823529348,-0.03388017118402281,-0.13341968911917096,-0.07570561857029805,0.28453466313118786,-0.15667197517732578,1
107,0.13680718188914928,-0.008529411764705851,-0.053613884926295874,-0.09715025906735748,-0.029279873384331287,0.12504545999073838,-0.15667197517732578,1
108,0.09601873536299793,-0.007647058823529349,-0.08987161198288168,-0.013601036269430003,0.024795568451595917,0.01112460060470305,-0.15667197517732578,1
109,0.14207650273224054,-0.008235294117646995,-0.045530194959581494,-0.1398963730569948,-0.005011870218939576,-0.0061174754104806744,-0.15667197517732578,1
110,-0.01756440281030419,0.030294117647058826,-0.027341892534474665,-0.04274611398963726,0.027433394882616757,0.023440369186977145,-0.15667197517732578,1
111,0.15554254488680735,0.03088235294117647,0.0006538278649548257,-0.11010362694300516,-0.05539435505143759,0.030829830336341596,-0.15667197517732578,1
112,0.024590163934426493,0.08970588235294118,-0.0017831669044222065,-0.13341968911917096,-0.04774465840147716,0.07639817409075572,-0.15667197517732578,1
113,0.12607338017174108,0.07205882352941176,0.003566333808844524,-0.18523316062176162,0.05407544183592722,0.11827178727048764,-0.15667197517732578,1
114,0.08626073380171767,0.04470588235294117,0.02662862577270564,-0.16126943005181343,-0.08480611975731994,0.09733498068062169,-0.15667197517732578,1
115,0.20608899297423894,0.047352941176470584,-0.04362815026153116,-0.1476683937823834,-0.08572935900817723,0.11334547983757799,-0.15667197517732578,1
116,0.14676034348165504,0.04,-0.07667617689015699,-0.022668393782383375,-0.0018464785017145713,0.09240867324771204,-0.15667197517732578,1
117,0.12217017954722899,0.022352941176470582,-0.024369947693770877,-0.1515544041450777,-0.11474544974940647,0.0874823658148024,-0.15667197517732578,1
118,0.2002341920374708,0.03389705882352945,-0.019971469329529312,-0.21794041450777202,-0.15563175943022947,0.09487182696416686,-0.15667197517732578,1
119,0.08821233411397372,-0.034117647058823475,0.007727056585829839,-0.08613989637305697,-0.05671326826694801,0.07024028979961869,-0.15667197517732578,1
120,-0.0355191256830599,0.039705882352941174,0.05515929624346183,-0.1321243523316062,-0.0683197045634397,0.02836667661988678,-0.15667197517732578,1
121,0.05425448868071844,0.08176470588235293,-0.010580123632905336,-0.24805699481865284,-0.15774202057504613,0.0456087526350705,-0.15667197517732578,1
122,0.057767369242779254,0.019485294117647083,0.012660485021398049,-0.14313471502590672,-0.12331838565022418,0.05546136750088977,-0.15667197517732578,1
123,0.11046057767369269,0.09029411764705882,0.03399904897765105,-0.14961139896373055,-0.11975731996834606,0.10226128811353132,-0.15667197517732578,1
124,-0.013661202185792087,-0.028529411764705817,0.012006657156443112,-0.2610103626943005,-0.2073331574782379,0.11827178727048764,-0.15667197517732578,1
125,0.12412177985948505,0.11602941176470588,0.01937708036138852,-0.15090673575129532,-0.21392772355579,0.08378763524012017,-0.15667197517732578,1
126,0.11807181889149121,0.04330882352941176,-0.04356871136471707,-0.17487046632124348,-0.19467159060933786,0.05669294435911718,-0.15667197517732578,1
127,0.22053083528493372,-0.027058823529411705,-0.0684736091298146,-0.0926165803108808,-0.13347401740965442,0.008661446888248242,-0.15667197517732578,1
128,0.2537080405932866,0.14426470588235293,-0.036614360437470295,-0.11398963730569946,-0.1680295436560274,0.06531398236670904,-0.15667197517732578,1
129,0.011319281811085352,0.12073529411764705,-0.05301949595815503,-0.1282383419689119,-0.11158005803218146,0.10226128811353132,-0.15667197517732578,1
130,0.09504293520686982,0.02551470588235297,0.02710413694721836,-0.1392487046632124,-0.0978633605908731,0.06777713608316387,-0.15667197517732578,1
131,0.10538641686182695,0.057647058823529405,0.09486447931526387,-0.04922279792746108,-0.07254022685307304,0.07762975094898314,-0.15667197517732578,1
132,-0.0003903200624509606,-0.0016176470588234685,0.06835473133618652,-0.09326424870466318,-0.11369031917699812,0.03329298405279642,-0.15667197517732578,1
133,0.11787665886026569,0.09441176470588235,-0.03750594388968137,-0.14831606217616577,-0.17765761012925346,0.1139612682666917,-0.15667197517732578,1
134,0.21155347384855588,0.07999999999999999,-0.08178792201616741,-0.023963730569948133,-0.05249274597731467,0.12442967156162468,-0.15667197517732578,1
135,0.014441842310695036,0.015588235294117644,-0.03982406086543033,-0.11139896373056991,-0.08361909786336055,0.11088232612112317,-0.15667197517732578,1
136,0.09172521467603462,0.025441176470588234,-0.03495007132667616,-0.06347150259067355,-0.05328409390662092,0.03945086834393346,-0.15667197517732578,1
137,0.046643247462919854,0.00014705882352944715,-0.003804089396100774,-0.05148963730569944,-0.05394355051437613,0.028982465049000483,-0.15667197517732578,1
138,0.1268540202966435,0.07926470588235293,-0.017712791250594495,-0.09455958549222795,-0.09997362173568977,0.029598253478114185,-0.15667197517732578,1
139,0.15495706479313046,0.05235294117647058,0.05361388492629582,-0.06411917098445594,-0.07939857557372722,0.07516659723252832,-0.15667197517732578,1
140,0.2002341920374708,0.00029411764705888736,0.04446029481692815,-0.32189119170984454,-0.21762068055921918,0.0727034435160735,-0.15667197517732578,1
141,0.18637782982045287,0.05808823529411764,0.08684022824536386,-0.1314766839378238,-0.17409654444737532,0.09056130796037093,-0.15667197517732578,1
142,0.1034348165495709,0.08955882352941177,-0.015454113171659456,-0.08613989637305697,-0.12767079926140856,0.09733498068062169,-0.15667197517732578,1
143,0.11280249804839995,-0.0010294117647058152,-0.07227769852591542,-0.194300518134715,-0.17989976259562118,0.10226128811353132,-0.09909001157686248,1
144,0.022638563622170454,0.04485294117647058,-0.10520684736091307,-0.14313471502590672,-0.1616987602215774,0.06408240550848163,-0.09909001157686248,1
145,0.03981264637002367,0.11485294117647057,-0.06157869709938191,0.012953367875647714,-0.07781587971511472,0.12442967156162468,-0.09909001157686248,1
146,0.0595238095238098,0.021691176470588262,-0.020684736091298173,-0.1742227979274611,-0.12397784225797939,0.0449929642059568,-0.09909001157686248,1
147,0.068306010928962,0.1316176470588235,-0.0502853067047076,-0.14507772020725385,-0.1305724083355315,0.08501921209834759,-0.09909001157686248,1
148,0.10772833723653423,0.05426470588235294,-0.06930575368521175,-0.11075129533678754,-0.16882089158533364,0.17738747646540326,-0.09909001157686248,1
149,0.06225604996096826,0.013897058823529436,0.006181645268663827,-0.2577720207253886,-0.18675811131627537,0.0991823459679628,-0.09909001157686248,1
150,0.056596409055425706,0.01941176470588235,0.04362815026153122,-0.14961139896373055,-0.08388288050646264,0.08994551953125722,-0.09909001157686248,1
151,0.03747072599531641,0.02926470588235294,0.07334759866856866,-0.09715025906735748,-0.1305724083355315,0.08378763524012017,-0.09909001157686248,1
152,0.11748633879781448,0.01205882352941176,-0.018307180218735175,-0.04792746113989632,-0.023212872592983352,0.04437717577684309,-0.09909001157686248,1
153,0.15515222482435614,0.02889705882352944,-0.03328578221588213,-0.10168393782383417,-0.08295964125560534,0.018514061754067508,-0.09909001157686248,1
154,0.13973458235753344,0.09823529411764705,-0.11507370423204949,-0.18847150259067355,-0.1893959377472962,0.07639817409075572,-0.09909001157686248,1
155,0.13348946135831408,0.02014705882352941,-0.10532572515454125,-0.1677461139896373,-0.12028488525455022,0.10595601868821354,-0.09909001157686248,1
156,0.06323185011709627,0.01941176470588235,-0.0329291488349977,-0.13860103626943002,-0.022949089949881277,0.049303483209752724,-0.09909001157686248,1
157,0.05366900858704164,0.022941176470588256,-0.013611507370423215,-0.15349740932642483,-0.07979424953838035,0.06285082865025422,-0.09909001157686248,1
158,0.12060889929742415,0.019852941176470587,0.07085116500237754,-0.23575129533678754,-0.13795832234238983,-0.013506936559845126,-0.09909001157686248,1
159,0.00897736143637809,0.09132352941176469,0.10033285782215884,-0.058937823834196865,-0.05170139804800842,-0.007349052268708078,-0.09909001157686248,1
160,0.04996096799375514,0.06911764705882352,0.07144555397051822,-0.13277202072538857,-0.08599314165127932,0.013587754321157872,-0.09909001157686248,1
161,0.12763466042154584,0.11044117647058824,0.002615311459819303,-0.0650906735751295,-0.10801899235030332,0.1145770566958054,-0.09909001157686248,1
162,0.22092115534738493,-0.0019117647058822917,-0.07572515454113182,-0.17616580310880825,-0.18359271959905038,0.17246116903249362,-0.09909001157686248,1
163,0.14012490241998465,0.08617647058823528,-0.06086543033761299,-0.12111398963730567,-0.14982854128198364,0.1983242830552692,-0.09909001157686248,1
164,0.10070257611241243,-0.027058823529411705,-0.06621493105087983,-0.18717616580310878,-0.15589554207333156,0.14413490129326323,-0.09909001157686248,1
165,0.055815768930523285,0.04823529411764706,-0.03887303851640522,-0.15900259067357508,-0.09628066473226059,0.06962450137050498,-0.09909001157686248,1
166,-0.02419984387197477,0.06897058823529412,0.0637184973846886,0.006476683937823885,-0.029807438670535452,4.0408880656372936e-05,-0.09909001157686248,1
167,0.12763466042154592,0.018823529411764704,0.015572990965287636,-0.03432642487046628,-0.0387760485360063,-0.0098122059851629,-0.09909001157686248,1
168,0.13153786104605802,0.10426470588235294,0.00974797907750835,-0.020725388601036218,-0.005275652862041652,0.03329298405279642,-0.09909001157686248,1
169,0.19106167056986736,0.019779411764705913,0.016940085592011433,-0.21955958549222795,-0.15708256396729092,0.10102971125530391,-0.09909001157686248,1
170,-0.03864168618266953,0.059117647058823525,0.0013076557299096514,-0.04792746113989632,-0.018992350303350017,0.008661446888248242,-0.09909001157686248,1
171,0.04996096799375514,0.09529411764705882,-0.032453637660484924,-0.16191709844559582,-0.12872592983381692,0.0874823658148024,-0.09909001157686248,1
172,0.11787665886026569,0.04102941176470588,-0.13813599619591072,-0.14572538860103623,-0.07596940121340012,0.07639817409075572,-0.09909001157686248,1
173,0.10226385636221727,0.03529411764705882,-0.1299928673323824,-0.12694300518134713,-0.05104194144025321,0.1004139228261902,-0.09909001157686248,1
174,0.13231850117096045,0.024558823529411765,0.031859248692344244,-0.1522020725388601,-0.02374043787918753,0.020977215470522323,-0.09909001157686248,1
175,0.1494925839188135,0.004411764705882417,0.11495482643842125,-0.42033678756476683,-0.3194407807966235,-0.027054282000346624,-0.09909001157686248,1
176,0.14051522248243586,0.003235294117647122,0.12505943889681403,-0.09455958549222795,-0.09997362173568977,-0.051685819164894814,-0.09909001157686248,1
177,0.157689305230289,0.1014705882352941,0.07245601521635758,-0.1042746113989637,-0.1519388024268003,0.018514061754067508,-0.09909001157686248,1
178,0.06206088992974265,0.1101470588235294,-0.03911079410366147,-0.21761658031088082,-0.20812450540754418,0.15891382359199213,-0.09909001157686248,1
179,0.15378610460577682,0.05808823529411764,-0.07013789824060873,-0.07318652849740931,-0.09997362173568977,0.1860085144729951,-0.09909001157686248,1
180,0.10499609679937574,0.03926470588235294,-0.09950071326676191,-0.13730569948186525,-0.10551305724083353,0.14782963186794545,-0.09909001157686248,1
181,0.054644808743169654,-0.0011029411764705566,-0.054862101759391435,-0.13536269430051812,-0.0921920337641783,0.086250788956575,-0.09909001157686248,1
182,0.056206088992974496,0.046911764705882354,-0.06217308606752264,-0.0926165803108808,-0.06251648641519386,0.020977215470522323,-0.09909001157686248,1
183,0.09679937548790035,0.04779411764705882,-0.0008321445553971518,-0.1120466321243523,-0.06620944341862303,-0.0098122059851629,-0.09909001157686248,1
184,0.12256049960968012,0.07367647058823529,-0.035128388017118484,-0.1667746113989637,-0.10999736217356895,0.0720876550869598,-0.09909001157686248,1
185,0.0070257611241220375,0.039411764705882354,0.059676652401331465,-0.21955958549222795,-0.12054866789765231,0.04807190635152532,-0.09909001157686248,1
186,0.028103044496487387,0.055882352941176466,0.08214455539705179,-0.1321243523316062,-0.1107887101028752,0.08009290466543795,-0.09909001157686248,1
187,0.1639344262295083,0.04970588235294117,-0.001307655729909707,-0.18005181347150256,-0.15721445528884198,0.07639817409075572,-0.09909001157686248,1
188,0.13544106167057005,0.02389705882352944,-0.07055397051830731,-0.04242227979274607,-0.021234502769717736,0.05669294435911719,-0.09909001157686248,1
189,0.19516003122560507,-0.0045588235294116985,-0.05278174037089878,-0.18782383419689117,-0.1223951463993669,0.05669294435911718,-0.09909001157686248,1
190,0.24785323965651845,0.06691176470588234,-0.02793628150261529,-0.14443005181347146,-0.09496175151675017,0.07516659723252832,-0.09909001157686248,1
191,0.05776736924277934,-0.04764705882352935,0.020922491678554422,-0.2856217616580311,-0.17013980480084406,0.0727034435160735,-0.09909001157686248,1
192,0.07650273224043742,0.10029411764705881,0.032453637660485035,-0.11301813471502586,-0.1255605381165919,0.011740389033816759,-0.09909001157686248,1
193,0.11397345823575358,0.06308823529411764,-0.02401331431288639,-0.03238341968911912,-0.08256396729095222,0.08009290466543795,-0.09909001157686248,1
194,0.22521467603434825,0.008823529411764702,-0.07524964336661921,-0.1366580310880829,-0.176206805592192,0.11211390297935059,-0.09909001157686248,1
195,0.1807181889149104,0.013602941176470613,0.03839752734189261,-0.21502590673575128,-0.17198628330255866,0.08132448152366537,-0.09909001157686248,1
196,0.007416081186573248,0.045882352941176464,0.07382310984308138,-0.0848445595854922,-0.11289897124769188,0.013587754321157872,-0.09909001157686248,1
197,0.07689305230288863,0.03323529411764706,-0.03863528292914892,-0.2059585492227979,-0.19229754682141914,0.018514061754067508,-0.09909001157686248,1
198,0.17174082747853248,0.12308823529411764,-0.08071802187351412,-0.155440414507772,-0.17541545766288574,0.03575613776925123,-0.09909001157686248,1
199,0.12099921935987536,0.12,-0.11150737042320502,-0.10880829015544038,-0.044579266684252154,0.0997981343970765,-0.09909001157686248,1
200,0.07884465261514467,0.01764705882352944,-0.06252971944840713,-0.12597150259067352,-0.0846742284357689,0.10287707654264502,-0.09909001157686248,1
201,0.14324746291959414,0.02029411764705882,-0.01711840228245365,-0.12629533678756474,-0.056185702980743844,0.014819331179385276,-0.09909001157686248,1
202,0.024590163934426493,0.05029411764705882,-0.011174512601046072,-0.1282383419689119,-0.06383539963070428,4.0408880656372936e-05,-0.09909001157686248,1
203,0.17544886807181898,0.05477941176470591,0.010282929148835107,-0.0803108808290155,-0.08111316275389077,-0.015970090276299947,-0.09909001157686248,1
204,0.10889929742388785,0.1025,-0.012125534950071404,-0.25259067357512954,-0.29332629912951724,0.0874823658148024,-0.09909001157686248,1
205,0.15105386416861835,0.04426470588235294,0.00915359010936756,-0.06606217616580308,-0.061461355842785524,0.09856655753884909,-0.09909001157686248,1
206,0.05815768930523055,0.03338235294117647,0.022467902995720435,-0.344559585492228,-0.2980743867053548,0.1847769376147677,-0.09909001157686248,1
207,0.07923497267759588,0.013823529411764703,0.05397051830718025,0.012305699481865329,0.025586916380902158,0.08255605838189277,-0.09909001157686248,1
208,0.1252927400468386,0.04830882352941176,-0.014740846409890651,-0.11658031088082899,-0.14494856238459508,0.049303483209752724,-0.09909001157686248,1
209,0.1225604996096802,0.01779411764705882,-0.07917261055634811,0.038212435233160646,0.019519915589554238,0.0049667163135660025,-0.09909001157686248,1
210,0.1803278688524591,0.12088235294117647,-0.051711840228245376,-0.147020725388601,-0.18649432867317328,0.10226128811353132,-0.09909001157686248,1
211,0.004683840749414775,0.036323529411764734,0.05189015691868759,-0.03270725388601031,-0.05776839883935635,0.03329298405279642,-0.09909001157686248,1
212,0.2459016393442624,0.060735294117647054,-0.028887303851640678,-0.18782383419689117,-0.2218412028488525,0.13428228642744394,-0.09909001157686248,1
213,0.07103825136612048,0.04073529411764706,-0.040418449833571124,-0.15349740932642483,-0.13927723555790025,0.11334547983757799,-0.09909001157686248,1
214,0.12529274004683866,0.037500000000000006,-0.02900618164526869,-0.03497409326424866,0.016882089158533398,0.07393502037430091,-0.09909001157686248,1
215,0.15827478532396583,0.03624999999999999,0.032453637660485035,-0.14604922279792742,-0.11250329728303875,0.06285082865025422,-0.09909001157686248,1
216,0.0526932084309136,0.05705882352941176,0.015454113171659567,0.2124352331606218,0.11342653653389609,0.007429870030020824,-0.09909001157686248,1
217,0.1530054644808744,0.1552941176470588,-0.042914883499762246,-0.14119170984455956,-0.13505671326826693,0.09733498068062169,-0.09909001157686248,1
218,0.15495706479313046,0.048529411764705876,0.002615311459819303,-0.3264248704663212,-0.3038776048536006,0.13058755585276172,-0.09909001157686248,1
219,0.09718969555035147,0.06242647058823529,-0.08565145030908239,-0.23089378238341968,-0.15299393299920863,0.12812440213630688,-0.09909001157686248,1
220,0.18696330991412968,-0.011617647058823469,-0.09617213504517363,-0.06217616580310878,0.002374043787918778,0.07393502037430091,-0.09909001157686248,1
221,0.13895394223263102,0.049999999999999996,-0.05456490727532104,-0.21243523316062174,-0.08836718543919807,0.10349286497175872,-0.09909001157686248,1
222,0.1272443403590947,0.00161764705882359,-0.03542558250118877,-0.09455958549222795,-0.013980480084410427,0.05792452121734459,-0.09909001157686248,1
223,0.10011709601873563,0.030000000000000002,0.10092724679029963,-0.14831606217616577,-0.12002110261144815,0.03206140719456901,-0.09909001157686248,1
224,0.06323185011709627,0.07235294117647058,0.05456490727532093,-0.1366580310880829,-0.15246636771300445,0.030829830336341596,-0.09909001157686248,1
225,0.22560499609679946,0.10897058823529411,-0.03304802662862588,-0.23186528497409326,-0.27011342653653386,0.1145770566958054,-0.09909001157686248,1
226,0.1288056206088995,0.0738970588235294,-0.0558131241084166,-0.02202072538860099,-0.05710894223160114,0.1114981145502369,-0.09909001157686248,1
227,0.10109289617486365,-0.037352941176470526,0.013076557299096514,0.04663212435233166,0.028752308098127177,0.1145770566958054,-0.09909001157686248,1
228,0.08821233411397372,0.02882352941176471,0.002139800285306692,-0.26943005181347146,-0.25982590345555256,0.06408240550848163,-0.09909001157686248,1
229,0.08235753317720557,0.06132352941176471,-0.017475035663338245,-0.1476683937823834,-0.20786072276444206,0.03575613776925123,-0.09909001157686248,1
230,0.1213895394223265,0.09147058823529411,-0.07441749881122217,-0.05861398963730566,-0.029675547348984407,0.07085607822873238,-0.09909001157686248,1
231,0.25800156128024987,0.014558823529411763,-0.08155016642891116,-0.1515544041450777,-0.08863096808230016,0.0727034435160735,-0.09909001157686248,1
232,0.13544106167057013,0.0838235294117647,-0.049572039942938795,-0.29080310880829013,-0.13901345291479816,0.12073494098694246,-0.09909001157686248,1
233,0.011709601873536563,-0.01852941176470582,0.03875416072277704,-0.02590673575129529,0.03218148245845426,0.04437717577684309,-0.09909001157686248,1
234,0.055815768930523285,0.01617647058823532,0.02442938659058491,-0.09747409326424866,-0.1085465576365075,-0.015970090276299947,-0.09909001157686248,1
235,0.10421545667447332,0.0738235294117647,0.039705183071802264,-0.23121761658031087,-0.15800580321814822,-0.0061174754104806744,-0.09909001157686248,1
236,0.14363778298204538,0.06999999999999999,0.0036852116024727044,-0.20077720207253882,-0.1828013716697441,0.05792452121734459,-0.09909001157686248,1
237,0.05191256830601118,0.11676470588235292,-0.031859248692344355,-0.09585492227979273,-0.08757583750989181,0.0727034435160735,-0.09909001157686248,1
238,0.10460577673692453,0.02301470588235294,-0.00921302900618165,-0.1781088082901554,-0.12002110261144815,0.0997981343970765,-0.09909001157686248,1
239,0.08899297423887614,0.023088235294117646,0.04814550641940085,-0.1897668393782383,-0.14798206278026904,0.06531398236670904,-0.09909001157686248,1
240,0.1307572209211556,0.05514705882352941,0.08642415596766528,-0.0926165803108808,-0.13321023476655233,0.016050908037612693,-0.09909001157686248,1
241,0.15124902419984396,0.09477941176470588,-0.010639562529719426,-0.2059585492227979,-0.2441308361909786,0.0868665773856887,-0.09909001157686248,1
242,0.09836065573770518,0.07808823529411764,-0.11067522586780798,-0.18523316062176162,-0.18702189395937746,0.13797701700212617,-0.09909001157686248,1
243,0.16588602654176432,0.11926470588235294,-0.005706134094151161,-0.11852331606217614,-0.10999736217356895,0.18231378389831288,-0.05935551546422024,1
244,0.07572209211553502,0.027941176470588233,-0.006300523062291841,-0.13536269430051812,-0.10313901345291478,0.08871394267302982,-0.05935551546422024,1
245,0.20355191256830607,-0.011470588235294052,-0.004279600570613384,0.08225388601036274,0.09403851226589291,0.03514034934013753,-0.05935551546422024,1
246,0.15339578454332561,0.10676470588235294,0.008083689966714158,0.04404145077720212,-0.052228963334212584,-0.0098122059851629,-0.05935551546422024,1
247,0.2158469945355192,0.08191176470588235,-0.03566333808844513,-0.14831606217616577,-0.13637562648377735,0.02590352290343196,-0.05935551546422024,1
248,0.1272443403590947,0.10441176470588236,-0.04921540656205414,-0.03238341968911912,-0.023476655236085442,0.06531398236670904,-0.05935551546422024,1
249,0.12158469945355209,0.04838235294117647,-0.010936757013789822,-0.14443005181347146,-0.10208388288050645,0.06285082865025422,-0.05935551546422024,1
250,0.12763466042154592,0.10338235294117647,0.019614835948644882,-0.20854922279792742,-0.13584806119757317,0.11088232612112317,-0.05935551546422024,1
251,0.09016393442622977,-0.0017647058823528766,-0.012719923918212084,-0.24870466321243523,-0.14428910577683987,0.0874823658148024,-0.05935551546422024,1
252,0.10031225604996123,0.07941176470588236,0.0173561578697099,-0.05569948186528495,-0.05381165919282509,0.043145598918615684,-0.05935551546422024,1
253,0.20550351288056223,0.07058823529411769,0.005171184022824571,-0.12920984455958545,-0.13004484304932734,0.015435119608498984,-0.05935551546422024,1
254,0.12529274004683866,0.04264705882352941,-0.011887779362814987,-0.16191709844559582,-0.07412292271168554,0.03698771462747864,-0.05935551546422024,1
255,0.17525370804059337,0.11823529411764706,0.021754636233951463,-0.16580310880829013,-0.15325771564231072,0.10595601868821354,-0.05935551546422024,1
256,0.20238095238095255,0.09058823529411764,-0.006657156443176493,-0.052784974093264214,-0.03930361382221048,0.09056130796037093,-0.05935551546422024,1
257,0.08469945355191283,-0.00441176470588229,-0.013433190679981,0.04792746113989643,0.02796096016882091,0.03452456091102382,-0.05935551546422024,1
258,0.11592505854800964,0.05691176470588235,0.007845934379457908,-0.17681347150259064,-0.15985228171986282,0.06654555922493645,-0.05935551546422024,1
259,0.22521467603434825,0.1175,-0.015097479790775137,-0.06217616580310878,-0.14613558427855444,0.1256612484198521,-0.05935551546422024,1
260,0.1145589383294304,0.06330882352941175,-0.025499286733238202,-0.2370466321243523,-0.16657873911896595,0.10718759554644094,-0.05935551546422024,1
261,0.027712724434036176,0.0764705882352941,-0.05741797432239659,-0.03562176165803105,0.024531785808493828,0.029598253478114185,-0.05935551546422024,1
262,0.2341920374707261,0.12573529411764706,-0.06787922016167386,0.001943005181347185,2.7755575615628914e-17,0.10595601868821354,-0.05935551546422024,1
263,0.11241217798594873,0.027205882352941177,-0.030313837375178343,-0.16515544041450775,-0.10472170931152727,0.08871394267302982,-0.05935551546422024,1
264,0.05737704918032813,0.06808823529411764,0.015275796481217352,-0.14378238341968907,-0.0821682933262991,0.09548761539328057,-0.05935551546422024,1
265,0.1190476190476193,0.13705882352941173,-0.021160247265810894,-0.22733160621761656,-0.18517541545766286,0.1564506698755373,-0.05935551546422024,1
266,-0.005464480874316668,-0.04279411764705877,-0.014503090822634346,-0.25194300518134716,-0.10050118702189394,0.02713509976165937,-0.05935551546422024,1
267,0.15886026541764264,0.1175735294117647,-0.013314312886352764,-0.2687823834196891,-0.17185439198100763,0.04191402206038828,-0.05935551546422024,1
268,0.1760343481654958,0.016470588235294112,-0.008440323347598755,-0.08225388601036267,-0.06119757319968344,0.03821929148570605,-0.05935551546422024,1
269,0.15729898516783772,0.051764705882352935,-0.041131716595339984,-0.16191709844559582,-0.10788710102875228,0.020977215470522323,-0.05935551546422024,1
270,0.06713505074160839,0.10926470588235293,-0.012719923918212084,-0.29080310880829013,-0.16644684779741492,0.1145770566958054,-0.05935551546422024,1
271,0.06440281030444991,0.019558823529411764,0.0363766048502141,-0.045660621761658,-0.07544183592719596,0.037603503056592345,-0.05935551546422024,1
272,0.06791569086651081,0.07985294117647057,0.04636233951497859,-0.04145077720207249,-0.06568187813241887,0.0049667163135660025,-0.05935551546422024,1
273,0.11007025761124148,0.04926470588235294,-0.04850213980028534,-0.08678756476683935,-0.04273278818253756,4.0408880656372936e-05,-0.05935551546422024,1
274,0.271272443403591,0.16794117647058823,-0.12910128388017128,0.02979274611398966,0.006330783434450038,0.11827178727048764,-0.05935551546422024,1
275,-0.02576112412177961,-0.03345588235294118,0.001783166904422373,-0.16386010362694298,-0.11777895014508043,0.11334547983757799,-0.05935551546422024,1
276,0.06986729117876685,0.17382352941176468,0.12434617213504517,-0.14572538860103623,-0.14903719335267737,-0.0036543216940258527,-0.05935551546422024,1
277,0.16861826697892282,0.05838235294117647,0.004873989538754175,-0.020725388601036218,-0.05908731205486677,0.08132448152366537,-0.05935551546422024,1
278,0.16744730679156916,0.0588235294117647,-0.09010936757013799,-0.21308290155440412,-0.21155367976787126,0.012356177462930468,-0.05935551546422024,1
279,0.15827478532396583,0.0759558823529412,-0.07590347123157404,-0.045660621761658,0.007913479293062534,0.1429033244350358,-0.05935551546422024,1
280,0.2630757220921156,0.0005882352941177105,-0.06383737517831678,-0.3290155440414507,-0.28805064626747556,0.03329298405279642,-0.05935551546422024,1
281,0.27166276346604223,-0.03161764705882347,0.016048502139800247,-0.23963730569948183,-0.13901345291479816,-0.008580629126935496,-0.05935551546422024,1
282,0.015612802498048667,0.00750000000000003,0.09064431764146463,-0.05861398963730566,-0.06581376945396991,-0.08432260590792115,-0.05935551546422024,1
283,0.19750195160031234,0.08941176470588234,-0.04517356157869706,-0.010362694300518088,-0.10340279609601685,-0.03937005058262072,-0.05935551546422024,1
284,0.10460577673692453,0.09455882352941175,-0.07085116500237765,-0.12629533678756474,-0.09469796887364809,0.07024028979961869,-0.05935551546422024,1
285,0.17876658860265426,0.10411764705882352,-0.042914883499762246,-0.0025906735751294874,0.07702453178580851,0.02467194604520455,-0.05935551546422024,1
286,0.059133489461358574,0.026323529411764704,-0.012541607227769813,-0.16062176165803105,-0.12991295172777628,0.09364025010593946,-0.05935551546422024,1
287,0.17408274785323974,0.06367647058823529,0.011531145981930613,-0.14507772020725385,-0.10155631759430227,-0.008580629126935496,-0.05935551546422024,1
288,0.1108508977361439,0.05970588235294117,-0.022586780789348615,-0.010362694300518088,-0.012397784225797917,0.06038767493379941,-0.05935551546422024,1
289,0.11202185792349753,-0.013088235294117581,-0.016524013314312913,-0.13341968911917096,-0.1010287523080981,-0.001191167977571031,-0.05935551546422024,1
290,0.13192818110850918,0.07830882352941176,-0.01949595815501659,-0.11884715025906734,-0.12661566868900023,0.03267719562368271,-0.05935551546422024,1
291,0.024199843871975282,0.10558823529411765,0.008559201141226769,-0.2338082901554404,-0.2057504616196254,0.07762975094898314,-0.05935551546422024,1
292,0.16666666666666674,-0.018088235294117586,-0.016999524488825524,-0.13406735751295334,-0.1437615404906357,0.11088232612112317,-0.05935551546422024,1
293,0.1994535519125684,0.04470588235294117,-0.025796481217308653,-0.06800518134715022,-0.03745713532049588,0.049303483209752724,-0.05935551546422024,1
294,0.046643247462919854,0.047867647058823556,-0.0059438896814075215,-0.16418393782383417,-0.09456607755209705,0.05669294435911719,-0.05935551546422024,1
295,0.10460577673692453,0.00926470588235294,-0.06122206371849748,-0.0770725388601036,-0.12846214719071483,0.023440369186977145,-0.05935551546422024,1
296,0.0987509758001564,0.04205882352941177,-0.009866856871136365,-0.043393782383419635,-0.02505935109469795,0.01112460060470305,-0.05935551546422024,1
297,0.06537861046057794,0.041176470588235294,-0.055932001902044726,-0.03270725388601031,-0.05592192033764176,0.02651931133254567,-0.05935551546422024,1
298,0.19906323185011718,0.039411764705882354,-0.058725630052306244,-0.15738341968911915,-0.09496175151675017,0.07393502037430091,-0.05935551546422024,1
299,0.15066354410616722,0.014191176470588259,-0.0017831669044222065,-0.21340673575129532,-0.14046425745185964,0.10287707654264502,-0.05935551546422024,1
