,0,1,2,3,4,5,6,mal
0,0.03903200624512125,-0.02352941176470582,0.10175939134569667,-0.25129533678756477,-0.17225006594566075,-0.0369068968661659,-0.05935551546422024,0
1,0.1026541764246685,0.07323529411764708,0.09141702330004764,-0.29663212435233155,-0.21603798470060667,0.02836667661988678,-0.05935551546422024,0
2,0.0636221701795475,0.03661764705882353,0.04481692819781269,0.007124352331606271,-0.026905829596412537,0.0037351394553385986,-0.05935551546422024,0
3,0.16861826697892282,0.08183823529411764,-0.06110318592486935,-0.17648963730569944,-0.2664204695331047,0.06223504022114053,-0.05935551546422024,0
4,0.011709601873536563,0.00926470588235294,-0.021992391821207824,-0.25194300518134716,-0.15246636771300445,0.11334547983757799,-0.05935551546422024,0
5,0.008196721311475669,-0.018235294117646995,-0.02365668093200196,-0.19753886010362692,-0.22949089949881296,0.06285082865025422,-0.05935551546422024,0
6,0.08782201405152251,0.039411764705882354,-0.026153114598193028,-0.19106217616580307,-0.15088367185439194,0.086250788956575,-0.05935551546422024,0
7,0.0720140515222485,0.04492647058823529,-0.0497503566333809,-0.09002590673575125,-0.05790029016090739,0.021593003899636032,-0.05935551546422024,0
8,0.04722872755659667,0.01794117647058823,-0.050760817879220155,-0.12305699481865282,-0.08836718543919807,0.03821929148570605,-0.05935551546422024,0
9,0.1190476190476193,0.03294117647058824,-0.027104136947218305,-0.07189119170984454,-0.05829596412556052,0.05546136750088977,-0.05935551546422024,0
10,0.17369242779078853,0.0752941176470588,-0.11495482643842136,0.10492227979274615,0.15853336850435246,-0.19824346529395648,-0.05935551546422024,0
11,0.07884465261514467,0.0007352941176470952,0.04755111745126017,-0.2069300518134715,-0.12173568979161169,0.059156098075572004,-0.05935551546422024,0
12,-0.047228727556596156,0.05029411764705882,0.023656680932001906,-0.22603626943005178,-0.22342389870746504,-0.018433243992754755,-0.05935551546422024,0
13,0.0874316939890713,0.09029411764705882,0.05278174037089867,0.0647668393782384,-0.032181482458454216,0.0456087526350705,-0.05935551546422024,0
14,0.08391881342701041,0.0738235294117647,-0.010461245839277322,-0.027849740932642447,-0.09364283830123975,0.02590352290343196,-0.05935551546422024,0
15,0.16939890710382532,0.04801470588235294,-0.08303613884926303,-0.07156735751295333,-0.09377472962279079,0.11211390297935059,-0.05935551546422024,0
16,0.051131928181108774,-0.01382352941176464,-0.03899191631003335,-0.3568652849740932,-0.3015035610656819,0.18231378389831288,-0.05935551546422024,0
17,0.09953161592505883,-0.018088235294117586,0.06978126485972413,-0.19948186528497408,-0.09258770772883142,0.016050908037612693,-0.05935551546422024,0
18,0.10967993754879027,0.039558823529411764,0.04505468378506894,-0.0816062176165803,-0.15906093379055655,-0.0036543216940258527,-0.05935551546422024,0
19,0.1412958626073382,0.04036764705882352,-0.013849262957679465,-0.035297927461139855,-0.06779213927723554,0.0708560782287324,-0.05935551546422024,0
20,0.10226385636221727,0.08338235294117646,-0.05218735140275799,-0.29015544041450775,-0.2529675547348984,0.16753486159958397,-0.05935551546422024,0
21,0.08118657298985194,0.05073529411764705,-0.07417974322396581,-0.16191709844559582,-0.12635188604589814,0.15891382359199213,-0.05935551546422024,0
22,0.08938329430132735,-0.004999999999999937,-0.06978126485972425,-0.2020725388601036,-0.1928251121076233,0.15152436244262768,-0.05935551546422024,0
23,0.15925058548009383,0.003823529411764739,0.0039824060865431,-0.03076424870466317,0.012925349512002138,0.06223504022114052,-0.05935551546422024,0
24,0.10616705698672937,0.030294117647058826,-0.003922967189728954,-0.18782383419689117,-0.07491427064099179,0.013587754321157872,-0.05935551546422024,0
25,0.12490241998438745,0.05720588235294117,-0.041488349976224415,-0.06800518134715022,-0.08652070693748348,0.09856655753884909,-0.05935551546422024,0
26,0.06947697111631564,-0.011911764705882292,-0.046362339514978645,-0.24611398963730569,-0.18464785017145868,0.10102971125530391,-0.05935551546422024,0
27,0.05757220921155373,0.053235294117647054,0.0039824060865431,-0.025259067357512904,-0.011078871010287497,0.06839292451227758,-0.05935551546422024,0
28,0.10187353629976607,0.04102941176470588,0.05373276271992389,-0.3037564766839378,-0.06884726984964387,0.04191402206038828,-0.05935551546422024,0
29,0.1190476190476193,0.059411764705882344,0.04434141702330008,-0.10686528497409323,-0.14165127934581903,0.07024028979961869,-0.05935551546422024,0
30,0.1928181108508978,0.07558823529411765,-0.00832144555397063,-0.18847150259067355,-0.10050118702189394,0.05299821378443495,-0.05935551546422024,0
31,0.17720530835284942,0.016176470588235292,-0.012779362815026174,-0.04468911917098442,-0.03600633078343443,0.0733192319451872,-0.05935551546422024,0
32,0.15456674473067925,-0.04264705882352936,0.013670946267237305,-0.2046632124352331,-0.1500923239250857,0.09117709638948464,-0.05935551546422024,0
33,0.21779859484777525,0.10970588235294115,0.021754636233951463,-0.0816062176165803,-0.06383539963070428,0.07639817409075572,-0.05935551546422024,0
34,0.13622170179547247,0.02066176470588235,-0.02930337612933903,-0.194300518134715,-0.23608546557636506,0.04376138734772939,-0.05935551546422024,0
35,0.06791569086651081,0.06676470588235293,0.004873989538754175,-0.07124352331606215,-0.09654444737536268,0.043145598918615684,-0.05935551546422024,0
36,0.04761904761904788,0.053676470588235284,0.05408939610080843,-0.03821243523316058,-0.09522553415985226,0.06654555922493645,-0.05935551546422024,0
37,0.15925058548009377,0.013970588235294117,0.02603423680456496,-0.3037564766839378,-0.2732788182537589,0.08871394267302982,-0.05935551546422024,0
38,0.1184621389539424,0.04522058823529412,-0.03649548264384228,0.0032383419689119564,-0.07122131363756262,0.05484557907177606,-0.05935551546422024,0
39,-0.008587041373926352,0.07632352941176469,-0.05563480741797433,-0.19494818652849738,-0.14165127934581903,0.12073494098694246,-0.05935551546422024,0
40,0.17720530835284942,0.0513235294117647,-0.06110318592486935,-0.04857512953367871,0.0263782643102084,0.030829830336341596,-0.05935551546422024,0
41,-0.029274004683840477,0.01205882352941176,-0.00939134569662381,-0.005181347150259016,0.02268530730677923,0.02713509976165937,0.018666368919943332,0
42,0.06518345042935234,0.04867647058823529,0.04784831193533057,0.05310880829015549,0.023476655236085497,-0.024591128283891803,0.018666368919943332,0
43,0.004683840749414775,0.047058823529411764,-0.005706134094151161,-0.2765544041450777,-0.2218412028488525,0.06161925179202682,0.018666368919943332,0
44,0.09250585480093704,0.04279411764705883,-0.015097479790775137,-0.04533678756476678,-0.04932735426008966,0.01112460060470305,0.018666368919943332,0
45,0.2125292740046839,0.07661764705882354,-0.02692582025677598,-0.11528497409326421,-0.09232392508572934,0.12381388313251097,0.018666368919943332,0
46,0.14480874316939898,0.03882352941176471,-0.03221588207322873,-0.008419689119170931,-0.02769717752571879,0.07516659723252832,0.018666368919943332,0
47,0.04254488680718216,0.011764705882352938,0.032572515454113216,-0.24287564766839376,-0.2057504616196254,0.09364025010593945,0.018666368919943332,0
48,0.03669008587041399,0.03588235294117646,0.005706134094151216,-0.04857512953367871,-0.07227644420997095,0.029598253478114185,0.018666368919943332,0
49,0.08879781420765046,0.05426470588235294,-0.01337375178316691,-0.13568652849740928,-0.10313901345291478,0.01974563861229492,0.018666368919943332,0
50,0.08977361436377856,0.15,0.016880646695197288,-0.04145077720207249,-0.02769717752571879,0.11827178727048764,0.018666368919943332,0
51,0.1561280249804841,0.0019117647058824131,0.07025677603423686,-0.08290155440414505,-0.03903983117910839,0.10226128811353132,0.018666368919943332,0
52,0.18149882903981274,0.037941176470588235,0.022705658582976795,-0.2603626943005181,-0.24215246636771298,0.17738747646540326,0.018666368919943332,0
53,0.11436377829820471,0.07147058823529412,-0.02597479790775087,0.011010362694300557,-0.07174887892376679,0.07639817409075572,0.018666368919943332,0
54,0.07650273224043742,0.009411764705882349,-0.0639562529719449,-0.1936528497409326,-0.13426536533896066,0.12196651784516986,0.018666368919943332,0
55,0.07572209211553502,0.08926470588235294,-0.06978126485972425,-0.15414507772020722,-0.12081245054075439,0.0727034435160735,0.018666368919943332,0
56,0.0564012490242001,0.019044117647058843,0.007608178792201659,-0.14216321243523314,-0.11606436296491689,0.10965074926289577,0.018666368919943332,0
57,0.07103825136612048,-0.01838235294117641,0.0357822158820732,-0.2292746113989637,-0.23160116064362962,0.007429870030020824,0.018666368919943332,0
58,0.021467603434816823,0.021911764705882353,0.06395625297194474,0.1496113989637306,0.06436296491690849,0.014819331179385276,0.018666368919943332,0
59,0.17096018735363008,0.030000000000000002,-0.007132667617689048,-0.069300518134715,-0.08572935900817723,0.06038767493379941,0.018666368919943332,0
60,0.15124902419984404,0.03595588235294117,-0.0036852116024725934,-0.1039507772020725,-0.1117119493537325,0.10718759554644094,0.018666368919943332,0
61,0.058548009367681744,0.022794117647058822,-0.007370423204945298,-0.0965025906735751,-0.0978633605908731,0.09733498068062169,0.018666368919943332,0
62,0.20296643247462928,0.011911764705882351,0.0002377555872563053,-0.10168393782383417,-0.12424162490108148,0.09117709638948464,0.018666368919943332,0
63,0.08996877439500417,0.04941176470588235,-0.03601997146932956,-0.14119170984455956,-0.16539171722500656,0.1016454996844176,0.018666368919943332,0
64,0.11462399167317228,0.017843137254901973,-0.05008717704866067,-0.12197754749568218,-0.071397168732964,0.08830341705362069,0.018666368919943332,0
65,0.09562841530054664,0.04198529411764705,0.0017237280076081163,-0.11204663212435229,-0.1471907148509628,0.10226128811353132,0.018666368919943332,0
66,0.09679937548790027,0.0435294117647059,0.0028233475986687573,-0.07415803108808286,-0.11276707992614084,0.08501921209834759,0.018666368919943332,0
67,0.09738485558157707,0.04430147058823532,0.0033731573941988557,-0.05521373056994815,-0.09555526246372986,0.07639817409075572,0.018666368919943332,0
68,0.09767759562841549,0.04468750000000003,0.003648062291963905,-0.0457415803108808,-0.08694935373252438,0.0720876550869598,0.018666368919943332,0
69,0.09782396565183468,0.044880514705882384,0.0037855147408464296,-0.0410055051813471,-0.08264639936692164,0.06993239558506183,0.018666368919943332,0
70,0.09789715066354429,0.04497702205882356,0.0038542409652878584,-0.03863746761658027,-0.08049492218412027,0.06885476583411285,0.018666368919943332,0
71,0.0979337431693991,0.04502527573529415,0.003888604077508351,-0.03745344883419685,-0.07941918359271957,0.06831595095863835,0.018666368919943332,0
72,0.0979520394223265,0.04504940257352944,0.0039057856336185415,-0.03686143944300513,-0.07888131429701924,0.06804654352090111,0.018666368919943332,0
73,0.09796118754879019,0.045061465992647085,0.003914376411673803,-0.03656543474740928,-0.07861237964916906,0.06791183980203248,0.018666368919943332,0
74,0.09796576161202203,0.04506749770220591,0.003918671800701379,-0.03641743239961136,-0.07847791232524398,0.06784448794259818,0.018666368919943332,0
75,0.09796804864363795,0.045070513556985325,0.0039208194952152775,-0.03634343122571239,-0.07841067866328144,0.06781081201288103,0.018666368919943332,0
76,0.09796919215944594,0.04507202148437503,0.00392189334247206,-0.036306430638762904,-0.07837706183230016,0.06779397404802244,0.018666368919943332,0
77,0.0979697639173499,0.04507277544806988,0.003922430266100507,-0.03628793034528817,-0.07836025341680952,0.06778555506559315,0.018666368919943332,0
78,0.09797004979630189,0.045073152429917315,0.003922698727914731,-0.036278680198550795,-0.07835184920906421,0.06778134557437851,0.018666368919943332,0
79,0.0979701927357779,0.045073340920841025,0.003922832958821898,-0.036274055125182114,-0.07834764710519154,0.06777924082877118,0.018666368919943332,0
80,0.09797026420551588,0.04507343516630288,0.003922900074275426,-0.036271742588497774,-0.07834554605325522,0.06777818845596753,0.018666368919943332,0
81,0.09797029994038489,0.04507348228903381,0.003922933632002135,-0.03627058632015559,-0.07834449552728706,0.06777766226956569,0.018666368919943332,0
82,0.0979703178078194,0.04507350585039927,0.003922950410865544,-0.03627000818598451,-0.07834397026430298,0.06777739917636477,0.018666368919943332,0
83,0.09797033567525389,0.045073529411764734,0.003922967189728954,-0.03626943005181342,-0.07834344500131889,0.06777713608316387,0.018666368919943332,0
84,0.17564402810304458,0.07073529411764705,-0.037208749405611086,-0.19689119170984454,-0.12608810340279608,0.086250788956575,0.018666368919943332,0
85,0.04879000780640151,0.022205882352941173,-0.031264859724203564,-0.069300518134715,-0.0005275652862041513,0.0727034435160735,0.018666368919943332,0
86,0.028493364558938597,0.03676470588235294,-0.025915359010936778,-0.09196891191709841,-0.10656818781324186,0.086250788956575,0.018666368919943332,0
87,0.0755269320843094,0.048897058823529405,-0.041191155492154075,-0.1829663212435233,-0.14244262727512527,0.06962450137050498,0.018666368919943332,0
88,-0.01639344262295056,0.06338235294117647,-0.07727056585829772,-0.18523316062176162,-0.14798206278026904,0.11334547983757799,0.018666368919943332,0
89,0.04879000780640151,0.03823529411764706,0.007964812173086089,-0.12435233160621759,0.02400422052228965,0.06038767493379941,0.018666368919943332,0
90,0.044106167056987,0.08220588235294117,-0.015454113171659456,-0.10945595854922277,-0.19097863360590872,0.050535060067980135,0.018666368919943332,0
91,0.15515222482435606,0.018161764705882377,-0.04386590584878758,-0.0767487046632124,0.03415985228171989,0.06100346336291311,0.018666368919943332,0
92,0.07259953161592532,0.0986764705882353,-0.029957203994293857,-0.1709844559585492,-0.16671063044051698,0.07762975094898314,0.018666368919943332,0
93,0.20257611241217807,0.022352941176470582,0.022349025202092254,-0.05375647668393779,0.11131627538907943,0.10718759554644094,0.018666368919943332,0
94,0.09523809523809551,0.01676470588235294,0.01795054683785069,-0.2182642487046632,-0.13004484304932734,0.09610340382239427,0.018666368919943332,0
95,0.13680718188914928,0.06492647058823528,0.013195435092724694,-0.14961139896373055,-0.15246636771300445,0.0720876550869598,0.018666368919943332,0
96,0.08587041373926646,0.05558823529411765,-0.01783166904422262,-0.2610103626943005,-0.09970983909258768,0.11088232612112317,0.018666368919943332,0
97,0.13661202185792376,0.03764705882352941,-0.03150261531145987,-0.17746113989637302,-0.18095489316802954,0.13305070956921655,0.018666368919943332,0
98,0.1928181108508978,0.034926470588235295,-0.027817403708987165,-0.19689119170984454,-0.14982854128198364,0.16014540045021952,0.018666368919943332,0
99,0.12177985948477779,0.06411764705882353,-0.050166428911079475,-0.07253886010362692,-0.08493801107887097,0.0874823658148024,0.018666368919943332,0
100,0.09836065573770518,0.007058823529411761,-0.06597717546362347,-0.09326424870466318,-0.04800844104457924,0.06161925179202682,0.018666368919943332,0
101,0.06986729117876685,0.007941176470588231,0.020090347123157493,-0.08613989637305697,-0.08625692429438139,0.0456087526350705,0.018666368919943332,0
102,0.025956284153005715,0.06654411764705882,-0.0018426058012362967,-0.06444300518134712,-0.09324716433658663,0.06100346336291311,0.018666368919943332,0
103,0.17564402810304458,0.09073529411764707,-0.04018069424631493,-0.03950777202072535,-0.000791347929306227,0.03452456091102382,0.018666368919943332,0
104,0.16471506635441072,0.05235294117647058,0.05587256300523058,-0.06800518134715022,-0.10076496966499601,0.08994551953125722,0.018666368919943332,0
105,0.08313817330210799,-0.01764705882352935,-0.043509272467902926,-0.09002590673575127,-0.033500395673964636,0.086250788956575,0.018666368919943332,0
106,0.16725214676034367,0.04830882352941176,-0.02145744174988118,-0.21308290155440412,-0.151015563175943,0.11765599884137393,0.018666368919943332,0
107,0.06908665105386443,0.0025000000000000603,-0.02793628150261529,-0.007772020725388559,-0.03719335267739381,0.043145598918615684,0.018666368919943332,0
108,-0.006245120999219117,0.11088235294117645,0.04469805040418451,-0.10556994818652847,-0.07939857557372722,0.04191402206038828,0.018666368919943332,0
109,-0.02380952380952353,0.010147058823529412,-0.010936757013789822,-0.14961139896373055,-0.16064362964916906,0.06285082865025422,0.018666368919943332,0
110,0.10987509758001587,0.10632352941176469,-0.048918212077983914,-0.09520725388601033,-0.1173832761804273,0.1127296914084643,0.018666368919943332,0
111,0.07611241217798621,-0.002205882352941115,-0.10247265810746559,-0.14313471502590672,-0.0764969664996043,0.1613769773084469,0.018666368919943332,0
112,0.09836065573770518,0.045735294117647055,-0.07774607703281033,-0.14183937823834195,-0.04141387496702714,0.1416717475768084,0.018666368919943332,0
113,0.06479313036690106,0.04147058823529411,0.021992391821207824,0.07739637305699487,0.08375098918491161,0.11272969140846428,0.018666368919943332,0
114,0.03200624512099948,-0.010735294117647,0.04766999524488824,-0.05310880829015541,-0.10999736217356895,0.06777713608316387,0.018666368919943332,0
115,0.17837626854020305,0.005147058823529472,0.003922967189728954,-0.10621761658031086,-0.08071748878923764,0.043145598918615684,0.018666368919943332,0
116,0.1303669008587044,0.11191176470588235,0.011055634807418002,-0.1593264248704663,-0.15352149828541278,0.01974563861229492,0.018666368919943332,0
117,0.06908665105386443,0.06904411764705885,-0.0027936281502614624,0.0605569948186529,0.05209707201266156,0.12011915255782875,0.018666368919943332,0
118,0.17096018735363008,0.11941176470588236,-0.05539705183071808,-0.1392487046632124,-0.08757583750989181,0.13181913271098913,0.018666368919943332,0
119,0.03825136612021883,0.055735294117647056,-0.030313837375178343,-0.1865284974093264,-0.14270640991822736,0.15768224673376469,0.018666368919943332,0
120,0.09250585480093704,0.012647058823529407,0.042201616737993386,5.551115123125783e-17,0.025850699024004248,0.1256612484198521,0.018666368919943332,0
121,0.15183450429352077,0.07264705882352941,0.022824536376604865,0.13471502590673579,0.04879978897388554,0.07024028979961869,0.018666368919943332,0
122,0.17115534738485574,0.03911764705882353,-0.06128150261531157,-0.20077720207253882,-0.13518860458981796,0.07947711623632425,0.018666368919943332,0
123,0.1604215456674474,0.06544117647058822,-0.03304802662862588,-0.32318652849740925,-0.2192033764178317,0.08501921209834759,0.018666368919943332,0
124,0.08977361436377856,0.06970588235294117,0.07120779838326208,-0.07124352331606215,-0.06067000791347927,0.12319809470339727,0.018666368919943332,0
125,0.16354410616705706,0.09485294117647057,0.050047551117451294,-0.12564766839378236,-0.09628066473226059,0.020977215470522323,0.018666368919943332,0
126,0.13875878220140533,0.07014705882352941,0.006478839752734333,-0.1544689119170984,-0.14389343181218672,0.11827178727048764,0.018666368919943332,0
127,0.176424668227947,0.045882352941176464,-0.042677127912506,-0.06217616580310878,-0.0387760485360063,0.10841917240466836,0.018666368919943332,0
128,0.1651053864168619,0.15970588235294117,0.01949595815501659,-0.29468911917098445,-0.22500659456607752,0.20448216734640623,0.018666368919943332,0
129,0.03356752537080422,0.0709558823529412,-0.030194959581550107,-0.016191709844559532,-0.014771828013716681,0.10287707654264502,0.018666368919943332,0
130,0.05308352849336481,0.05823529411764705,-0.03851640513552068,-0.1476683937823834,-0.0978633605908731,0.06777713608316387,0.018666368919943332,0
131,-0.061670569867290914,0.08235294117647059,0.011174512601046072,-0.18458549222797924,-0.11500923239250854,0.09487182696416686,0.018666368919943332,0
132,0.0007806401249026984,0.039558823529411764,0.06680932001902051,-0.15608808290155438,-0.12054866789765231,0.06900871294139127,0.018666368919943332,0
133,0.08450429352068714,0.09632352941176471,0.007786495482643874,-0.16645077720207252,-0.19427591664468474,0.09179288481859833,0.018666368919943332,0
134,0.16978922716627642,-0.034117647058823475,-0.04220161673799344,-0.1703367875647668,-0.16433658665259823,0.04807190635152532,0.018666368919943332,0
135,0.22443403590944583,0.15499999999999997,0.010936757013789822,-0.09326424870466318,-0.13637562648377735,0.09733498068062169,0.018666368919943332,0
136,0.07455113192818137,-0.0023529411764705247,0.03435568235853548,-0.27461139896373055,-0.18886837246109203,0.11211390297935059,0.018666368919943332,0
137,0.13563622170179565,0.10242647058823527,-0.008202567760342228,-0.022668393782383375,-0.024795568451595862,0.08501921209834758,0.018666368919943332,0
138,0.05230288836846239,0.020882352941176466,-0.04220161673799344,-0.16580310880829013,-0.18702189395937746,0.09610340382239427,0.018666368919943332,0
139,0.1569086651053865,0.04632352941176471,-0.00867807893485495,-0.058937823834196865,-0.08018992350303347,0.02713509976165937,0.018666368919943332,0
140,0.07611241217798621,-0.016911764705882286,0.031027104136947203,-0.14054404145077717,-0.2007385914006858,0.03452456091102382,0.018666368919943332,0
141,0.11631537861046083,0.06367647058823529,0.025855920114122743,-0.18717616580310878,-0.19467159060933786,0.0449929642059568,0.018666368919943332,0
142,0.2349726775956285,0.18338235294117647,-0.03542558250118877,0.08225388601036274,0.009759957794777133,0.12935597899453433,0.018666368919943332,0
143,0.06206088992974265,0.06999999999999999,-0.05753685211602472,0.04857512953367882,0.04378791875494595,0.19462955248058697,0.018666368919943332,0
144,0.06518345042935225,0.04161764705882352,0.010699001426533572,-0.15641191709844557,-0.12898971247691898,0.14844542029705915,0.018666368919943332,0
145,0.030054644808743425,0.06764705882352941,-0.037208749405611086,-0.003238341968911873,-0.06198892112898969,0.11334547983757799,0.018666368919943332,0
146,-0.0355191256830599,0.006470588235294181,0.0437470280551594,-0.07253886010362692,-0.09469796887364809,-0.04183320429907553,0.018666368919943332,0
147,0.13583138173302134,0.12338235294117646,0.029600570613409483,-0.12111398963730567,-0.11527301503561063,0.05546136750088977,0.018666368919943332,0
148,0.0025370804059331176,0.08073529411764706,0.018009985734664835,-0.11042746113989634,-0.10630440517013978,0.0856350005274613,0.018666368919943332,0
149,0.1530054644808744,0.007058823529411761,-0.055515929624346205,-0.060233160621761636,-0.10973357953046688,0.06777713608316387,0.018666368919943332,0
150,0.2591725214676035,0.11294117647058823,-0.05373276271992394,-0.2713730569948186,-0.21023476655236084,0.15152436244262768,0.018666368919943332,0
151,0.010928961748634142,-0.011176470588235229,-0.041726105563480775,-0.18717616580310878,-0.15563175943022947,0.05299821378443495,0.018666368919943332,0
152,0.06986729117876685,0.061176470588235284,-0.013195435092724639,-0.13730569948186525,-0.10577683988393562,0.022824580757863436,0.018666368919943332,0
153,0.02302888368462165,0.12897058823529411,0.01949595815501659,-0.12046632124352329,-0.08045370614613556,0.05792452121734459,0.018666368919943332,0
154,0.10811865729898543,0.013676470588235293,-0.017475035663338245,0.04274611398963735,0.03903983117910845,0.06408240550848163,0.018666368919943332,0
155,0.17056986729117884,0.01661764705882353,-0.017712791250594495,-0.07836787564766837,-0.07860722764442096,0.086250788956575,0.018666368919943332,0
156,0.13212334113973484,0.06838235294117648,0.05682358535425591,-0.1314766839378238,-0.022949089949881277,0.06716134765405016,0.018666368919943332,0
157,0.19867291178766597,0.055882352941176466,0.03661436043747035,-0.05764248704663209,-0.0406225270377209,0.03206140719456901,0.018666368919943332,0
158,0.07533177205308379,0.11617647058823528,-0.004279600570613384,-0.1897668393782383,-0.18438406752835662,0.17369274589072103,0.018666368919943332,0
159,0.12763466042154592,0.03235294117647059,-0.013611507370423215,-0.11431347150259065,-0.11039303613822207,0.08194026995277906,0.018666368919943332,0
160,0.15534738485558167,0.10176470588235291,-0.055159296243461775,-0.16062176165803105,-0.10498549195462936,0.09240867324771204,0.018666368919943332,0
161,-0.06947697111631512,0.09485294117647057,0.02746077032810268,-0.2066062176165803,-0.13532049591136902,0.10226128811353132,0.018666368919943332,0
162,0.07416081186573015,-0.009264705882352876,0.019852591535901132,-0.09844559585492225,-0.09865470852017935,0.09364025010593945,0.018666368919943332,0
163,0.09328649492583946,0.07676470588235294,-0.00867807893485495,-0.18199481865284972,-0.14178317066737006,0.086250788956575,0.018666368919943332,0
164,0.1530054644808744,0.09970588235294119,-0.03590109367570132,-0.020077720207253832,-0.0519651806911105,0.05792452121734459,0.018666368919943332,0
165,0.18188914910226395,0.04323529411764706,-0.04576795054683802,-0.12176165803108806,-0.056185702980743844,0.08255605838189277,0.018666368919943332,0
166,0.1487119437939111,0.14205882352941177,-0.011174512601046072,-0.12564766839378236,-0.08520179372197306,0.07639817409075572,0.018666368919943332,0
167,0.08782201405152251,0.0013235294117647425,0.008440323347598588,-0.02590673575129529,-0.014639936692165637,0.07639817409075572,0.018666368919943332,0
168,0.028493364558938597,0.04102941176470588,-0.01866381359961966,-0.24222797927461137,-0.17752571880770243,0.012356177462930468,0.018666368919943332,0
169,0.010538641686182931,0.12205882352941176,0.03352353780313844,-0.15025906735751293,-0.20706937483513582,0.13797701700212617,0.018666368919943332,0
170,0.1760343481654958,0.005441176470588296,0.021041369472182603,-0.15284974093264245,-0.10656818781324186,0.01112460060470305,0.018666368919943332,0
171,0.1733021077283374,0.15801470588235295,-0.034236804564907186,-0.03562176165803105,-0.05803218148245843,0.09302446167682575,0.018666368919943332,0
172,0.09172521467603462,0.06455882352941175,-0.07334759866856877,-0.18847150259067355,-0.15932471643365864,0.13920859386035359,0.018666368919943332,0
173,0.2045277127244341,0.08220588235294117,-0.08071802187351412,-0.15284974093264245,-0.09812714323397517,0.19709270619704178,0.018666368919943332,0
174,0.07006245120999237,0.02073529411764706,-0.015691868758915817,-0.06735751295336785,-0.05209707201266155,0.07393502037430091,0.018666368919943332,0
175,0.15573770491803288,0.06838235294117648,-0.025915359010936778,-0.21567357512953367,-0.15088367185439194,0.030829830336341596,0.018666368919943332,0
176,0.03590944574551158,0.054411764705882354,-0.019020446980504035,-0.14831606217616577,-0.08361909786336055,0.09117709638948464,0.018666368919943332,0
177,0.017954722872755915,0.14338235294117646,0.023062291963861115,-0.11787564766839376,-0.06568187813241887,0.07639817409075572,0.018666368919943332,0
178,0.2084309133489463,0.0788235294117647,-0.09438896814075137,-0.18749999999999997,-0.10841466631495646,0.1287401905654206,0.018666368919943332,0
179,-0.032396565183450216,0.024411764705882348,-0.06122206371849748,-0.1392487046632124,-0.050910050118702165,0.1268928252780795,0.018666368919943332,0
180,0.04176424668227974,0.03573529411764706,0.10675225867807892,-0.2098445595854922,-0.09548931680295433,0.043145598918615684,0.018666368919943332,0
181,0.18384074941452,0.06573529411764706,-0.006776034236804562,-0.10621761658031086,-0.0437879187549459,0.04191402206038828,0.018666368919943332,0
182,0.12861046057767386,0.0970588235294118,-0.059914407988587826,-0.07156735751295333,-0.04695331047217091,0.06531398236670904,0.018666368919943332,0
183,0.16744730679156916,-0.05867647058823523,-0.10829766999524504,-0.2545336787564767,-0.18385650224215244,0.05792452121734459,0.018666368919943332,0
184,0.24902419984387206,0.08294117647058823,-0.025796481217308653,-0.15349740932642483,-0.12186758111316273,0.10472444182998614,0.018666368919943332,0
185,0.09367681498829065,0.06058823529411764,0.031264859724203564,-0.18911917098445594,-0.12635188604589814,0.08009290466543795,0.018666368919943332,0
186,0.11455893832943032,0.06375,-0.0028530670470756636,-0.1240284974093264,-0.09021366394091265,0.12196651784516986,0.018666368919943332,0
187,0.10304449648711972,0.0864705882352941,-0.03554446029481695,-0.30051813471502586,-0.2590345555262463,0.15891382359199213,0.018666368919943332,0
188,-0.02576112412177961,0.06705882352941175,0.05135520684736106,-0.18782383419689117,-0.16776576101292534,0.11704021041226023,0.018666368919943332,0
189,0.1651053864168619,0.030294117647058826,-0.03542558250118877,-0.2059585492227979,-0.15246636771300445,0.11211390297935059,0.018666368919943332,0
190,0.19516003122560507,0.035441176470588226,-0.11156680932001911,-0.07415803108808286,-0.08665259825903453,0.10349286497175872,0.018666368919943332,0
191,0.06518345042935234,0.054852941176470583,-0.09022824536376617,-0.11722797927461137,-0.0699024004220522,0.10226128811353132,0.018666368919943332,0
192,0.14402810304449656,0.10220588235294117,-0.08749405611031863,-0.20077720207253882,-0.07333157478237928,0.11088232612112317,0.018666368919943332,0
193,0.13914910226385654,0.07029411764705885,-0.0002377555872563053,-0.2020725388601036,-0.13479293062516484,0.06161925179202682,0.018666368919943332,0
194,0.023809523809524072,-0.04220588235294112,0.0024964336661911224,-0.21891191709844557,-0.1369031917699815,0.01974563861229492,0.018666368919943332,0
195,0.1994535519125684,0.054852941176470583,0.00867807893485495,-0.2182642487046632,-0.14798206278026904,0.0456087526350705,0.018666368919943332,0
196,0.16861826697892282,0.13352941176470587,-0.07620066571564443,-0.07448186528497407,-0.07069374835135846,0.08255605838189277,0.018666368919943332,0
197,0.10519125683060127,0.07522058823529411,-0.005527817403708946,-0.12467616580310878,-0.05209707201266151,0.1139612682666917,0.018666368919943332,0
198,0.11592505854800964,0.03014705882352941,-0.008083689966714158,-0.14637305699481862,-0.08441044579266681,0.10595601868821354,0.018666368919943332,0
199,0.07689305230288863,0.08602941176470588,-0.006181645268663771,-0.14119170984455956,-0.12107623318385648,0.1268928252780795,0.018666368919943332,0
200,0.03590944574551158,0.04823529411764706,-0.02746077032810279,-0.0926165803108808,-0.10894223160116062,0.04191402206038828,0.018666368919943332,0
201,0.2275565964090555,0.04029411764705882,0.01563242986210167,-0.16159326424870463,-0.06475863888156158,0.08317184681100648,0.018666368919943332,0
202,-0.03317720530835261,0.18470588235294116,0.09034712315739413,-0.2098445595854922,-0.12767079926140856,0.10965074926289577,0.018666368919943332,0
203,0.13973458235753344,0.07014705882352941,0.10901093675701379,-0.1198186528497409,-0.14323397520443154,0.1429033244350358,0.018666368919943332,0
204,0.056986729117876916,0.003529411764705946,0.06443176414645757,-0.06994818652849738,-0.14244262727512527,0.10718759554644094,0.018666368919943332,0
205,-0.00253708040593259,0.12955882352941173,0.01676176890156922,-0.22376943005181343,-0.1896597203903983,0.09733498068062169,0.018666368919943332,0
206,0.07533177205308379,0.10352941176470587,-0.08832620066571573,-0.12176165803108806,-0.18464785017145868,0.16260855416667436,0.018666368919943332,0
207,0.32006245120999227,-0.014117647058823464,-0.23430813124108424,0.02979274611398966,-0.011870218939593752,0.10102971125530391,0.018666368919943332,0
208,0.1268540202966435,0.0885294117647059,-0.06787922016167386,-0.09715025906735748,-0.0878396201529939,0.13058755585276172,0.018666368919943332,0
209,-0.07943013270882096,0.056102941176470585,0.13040893961008093,-0.2406088082901554,-0.13136375626483776,-0.006733263839594383,0.018666368919943332,0
210,0.22950819672131156,0.08867647058823529,-0.043509272467902926,-0.06865284974093261,-0.09759957794777101,0.014819331179385276,0.018666368919943332,0
211,0.11202185792349753,0.16294117647058823,-0.07097004279600577,-0.15608808290155438,-0.09522553415985226,0.05792452121734459,0.018666368919943332,0
212,-0.01717408274785298,0.06264705882352942,0.08582976699952449,-0.05116580310880825,-0.00039567396465310656,0.059771886504685706,0.018666368919943332,0
213,0.20686963309914136,0.13088235294117648,0.013908701854493555,-0.1677461139896373,-0.1271432339752044,0.19709270619704178,0.018666368919943332,0
214,0.21389539422326315,-0.01382352941176464,0.0099857346647646,0.014896373056994872,-0.03798470060670006,0.09240867324771204,0.018666368919943332,0
215,-0.07689305230288812,0.13852941176470587,0.03720874940561103,0.009067357512953428,-0.05908731205486677,0.06531398236670904,0.018666368919943332,0
216,0.1799375487900079,0.0625,-0.07649786019971477,-0.15803108808290153,-0.15338960696386175,0.14659805500971804,0.018666368919943332,0
217,0.016393442622951074,0.09485294117647057,0.09343794579172615,0.06411917098445602,-0.12846214719071483,0.12319809470339727,0.018666368919943332,0
218,-0.054254488680717916,0.0023529411764706513,0.06776034236804551,-0.058937823834196865,-0.04484304932735424,0.05546136750088977,0.018666368919943332,0
219,0.13192818110850923,-0.010147058823529353,0.01878269139324773,-0.3180051813471502,-0.3339488261672382,0.11704021041226023,0.018666368919943332,0
220,0.14539422326307588,0.14132352941176468,0.00927246790299574,-0.15349740932642483,-0.15378528092851487,0.1139612682666917,0.018666368919943332,0
221,0.04566744730679183,0.015441176470588236,0.03601997146932956,-0.07577720207253882,-0.06752835663413345,0.12196651784516986,0.018666368919943332,0
222,0.17369242779078853,0.16191176470588234,-0.10687113647170715,-0.13860103626943002,-0.07201266156686886,0.11704021041226023,0.018666368919943332,0
223,-0.056206088992973996,0.04382352941176473,0.0028530670470755526,-0.20369170984455956,-0.1076233183856502,0.05669294435911719,0.018666368919943332,0
224,0.056596409055425706,0.037794117647058825,-0.11412268188302432,-0.14637305699481862,-0.11184384067528354,0.050535060067980135,0.018666368919943332,0
225,0.24707259953161603,-0.03647058823529406,-0.1737993342843558,0.04987046632124356,0.028752308098127177,0.06285082865025422,0.018666368919943332,0
226,0.12607338017174108,0.1447058823529412,-0.13076557299096542,-0.1547927461139896,-0.060142442627275104,0.050535060067980135,0.018666368919943332,0
227,0.017369242779079114,0.06860294117647059,0.06544222539229683,-0.17357512953367873,-0.045898179899762574,0.12196651784516985,0.018666368919943332,0
228,0.04137392661982853,0.03529411764705882,0.16250594388968143,-0.15414507772020722,-0.16090741229227115,0.05792452121734459,0.018666368919943332,0
229,0.20960187353629986,0.13720588235294118,0.09545886828340466,-0.3536269430051813,-0.38670535478765494,0.03945086834393346,0.018666368919943332,0
230,0.20218579234972686,0.06661764705882352,-0.04255825011887787,-0.09520725388601034,0.06489053020311267,0.13428228642744394,0.018666368919943332,0
231,0.06693989071038278,0.09227941176470587,0.00879695672848313,-0.24319948186528495,-0.24426272751252964,0.16384013102490175,0.018666368919943332,0
232,0.05347384855581602,0.09205882352941176,0.05801236329053738,-0.18199481865284972,-0.3009759957794777,0.17861905332363065,0.018666368919943332,0
233,0.1799375487900079,0.07411764705882352,-0.08915834522111277,-0.18458549222797924,-0.19862833025586912,0.1835453607565403,0.018666368919943332,0
234,0.11592505854800964,0.05867647058823529,-0.2150499286733239,-0.056347150259067336,-0.05302031126351884,0.1429033244350358,0.018666368919943332,0
235,0.11124121779859503,0.03720588235294117,-0.10972420351878276,-0.045660621761658,0.03495120021102613,0.12135072941605615,0.018666368919943332,0
236,0.18149882903981274,0.01779411764705882,-0.0747741321921066,-0.15608808290155438,-0.050910050118702165,0.029598253478114185,0.018666368919943332,0
237,0.058938329430132955,0.1551470588235294,0.03732762719923921,-0.04274611398963726,0.03903983117910845,-0.027054282000346624,0.018666368919943332,0
238,-0.23809523809523786,0.026470588235294117,0.002971944840703733,-0.13471502590673573,-0.16011606436296488,-0.050454242306667396,0.018666368919943332,0
239,0.16608118657299,0.06948529411764705,0.06680932001902051,-0.2211787564766839,-0.198232656291216,0.02036142704140862,0.018666368919943332,0
240,0.04254488680718216,0.09044117647058823,-0.013552068473609014,-0.16386010362694298,-0.15906093379055655,0.09240867324771204,0.018666368919943332,0
241,0.24043715846994543,0.22249999999999998,-0.09058487874465054,-0.014896373056994774,-0.012661566868900007,0.10595601868821354,0.018666368919943332,0
242,0.15339578454332561,-0.011911764705882292,-0.0771516880646696,-0.17357512953367873,-0.06251648641519386,0.17369274589072103,0.018666368919943332,0
243,0.00448868071818917,0.026176470588235287,-0.03827864954826454,-0.03659326424870461,-0.0022421524663676917,0.08932973110214351,0.018666368919943332,0
244,-0.06713505074160786,0.0275,0.015929624346172178,-0.22862694300518133,-0.16671063044051698,0.07886132780721054,0.018666368919943332,0
245,0.10382513661202214,0.09558823529411763,-0.0502853067047076,-0.2098445595854922,-0.14112371405961485,0.0037351394553385986,0.018666368919943332,0
246,0.1233411397345826,0.07294117647058823,-0.0684736091298146,-0.12435233160621759,-0.11342653653389605,0.05546136750088977,0.018666368919943332,0
247,0.23263075722092133,0.07507352941176469,-0.032394198763670945,-0.3034326424870466,-0.20298074386705353,0.13612965171478505,0.018666368919943332,0
248,0.0019516003122563297,0.01441176470588235,-0.026985259153590235,-0.1522020725388601,-0.13136375626483776,0.11580863355403281,0.018666368919943332,0
249,0.05425448868071844,0.10985294117647058,0.103661436043747,0.13212435233160624,0.2094434186230547,0.14536647815149062,0.018666368919943332,0
250,0.10928961748633906,0.07602941176470591,5.94388968140902e-05,-0.2224740932642487,-0.14758638881561592,0.03575613776925123,0.018666368919943332,0
251,0.11007025761124148,0.11088235294117645,-0.1452686638135997,-0.05699481865284971,-0.029279873384331287,0.08994551953125722,0.018666368919943332,0
252,0.07338017174082774,-0.034411764705882295,-0.056229196386115066,-0.069300518134715,-0.12503297283038772,0.13551386328567136,0.018666368919943332,0
253,0.2673692427790789,-0.024264705882352883,0.019852591535901132,-0.22409326424870463,-0.010023740437879167,-0.002422744835798449,0.018666368919943332,0
254,0.17505854800936785,0.14286764705882352,-0.02341892534474571,-0.13860103626943002,-0.1123714059614877,0.10657180711732725,0.018666368919943332,0
255,-0.10226385636221674,0.007205882352941176,-0.04564907275320962,-0.3186528497409326,-0.3041413874967027,0.06777713608316387,0.018666368919943332,0
256,0.2630757220921156,0.07955882352941175,0.01795054683785069,-0.2551813471502591,-0.06647322606172512,0.06654555922493645,0.018666368919943332,0
257,0.12060889929742415,0.061176470588235284,-0.06122206371849748,-0.13341968911917096,-0.030598786599841707,0.09117709638948464,0.018666368919943332,0
258,0.023224043715847256,0.06220588235294118,0.06520446980504047,-0.039183937823834156,-0.05842785544711156,0.015435119608498984,0.018666368919943332,0
259,0.33060109289617495,-0.008382352941176403,-0.004755111745126106,-0.38471502590673573,-0.2585069902400422,-0.03074901257502885,0.018666368919943332,0
260,0.286104605776737,0.08161764705882353,-0.04255825011887787,-0.21113989637305697,-0.19203376417831705,0.13797701700212617,0.018666368919943332,0
261,0.07377049180327895,0.05264705882352941,0.03899191631003329,-0.13341968911917096,-0.14059614877341067,0.07762975094898314,0.018666368919943332,0
262,0.04547228727556622,0.12897058823529411,0.14413932477413216,-0.14248704663212433,-0.2740701661830651,0.10780338397555465,0.018666368919943332,0
263,0.12177985948477779,0.0007352941176471195,-0.11340941512125541,-0.22020725388601034,-0.28198364547612764,0.07024028979961869,0.018666368919943332,0
264,0.2962529274004685,0.005441176470588296,-0.07881597717546374,-0.17746113989637302,-0.2883144289105777,0.050535060067980135,0.018666368919943332,0
265,-0.019516003122560244,0.1350735294117647,-0.04297432239657645,-0.34520725388601037,-0.15906093379055655,0.07947711623632425,0.018666368919943332,0
266,0.08040593286494951,0.005147058823529472,-0.0479077508321446,0.08095854922279797,0.0575046161962543,-0.029517435716801446,0.018666368919943332,0
267,0.11046057767369269,0.002058823529411828,-0.031027104136947314,-0.18199481865284972,-0.2545502505935109,-0.002422744835798449,0.018666368919943332,0
268,0.1639344262295083,0.17338235294117646,-0.012125534950071404,-0.22279792746113986,-0.18412028488525453,0.05792452121734459,0.018666368919943332,0
269,-0.0019516003122558023,0.06882352941176474,-0.03459343794579184,-0.3118523316062176,-0.2621999472434714,0.06161925179202682,0.018666368919943332,0
270,0.2587822014051523,0.0811764705882353,-0.00867807893485495,-0.0926165803108808,-0.0406225270377209,0.05422979064266237,0.018666368919943332,0
271,0.3391881342701015,0.04941176470588235,0.05278174037089867,-0.22797927461139894,-0.21577420205750458,0.08132448152366537,0.018666368919943332,0
272,0.16588602654176432,0.0175,0.025558725630052348,-0.3354922279792746,-0.28963334212608804,0.03821929148570605,0.018666368919943332,0
273,0.07650273224043742,0.10860294117647058,0.022349025202092254,-0.16968911917098442,-0.24241624901081507,0.07701396251986943,0.018666368919943332,0
274,0.17720530835284942,0.17647058823529413,-0.10770328102710419,0.04274611398963735,-0.010287523080981242,0.11088232612112317,0.018666368919943332,0
275,0.11319281811085116,0.07779411764705882,-0.10544460294816937,-0.08937823834196888,-0.03640200474808755,0.16753486159958397,0.018666368919943332,0
276,0.18540202966432484,0.06985294117647059,-0.07132667617689026,-0.07189119170984454,-0.06568187813241887,0.1564506698755373,0.018666368919943332,0
277,-0.000780640124902171,0.02352941176470588,-0.07970756062767481,0.06217616580310886,0.011078871010287553,0.051766636926207546,0.018666368919943332,0
278,0.0909445745511322,0.03897058823529412,-0.05836899667142187,-0.017487046632124303,0.12371405961487736,0.03575613776925123,0.018666368919943332,0
279,0.1963309914129587,0.02558823529411764,-0.03613884926295757,-0.29015544041450775,-0.12450540754418357,0.06408240550848163,0.018666368919943332,0
280,-0.11475409836065548,0.12845588235294114,0.12173086067522587,0.006152849740932692,-0.0030335003956739465,0.07578238566164203,0.018666368919943332,0
281,0.10811865729898543,0.029117647058823533,0.19377080361388488,-0.2810880829015544,-0.23292007385914004,0.05792452121734459,0.018666368919943332,0
282,0.21038251366120228,0.10779411764705882,0.07299096528768434,-0.04663212435233155,-0.279873384331311,0.06038767493379941,0.018666368919943332,0
283,0.2267759562841531,0.10205882352941176,-0.08903946742748464,0.006476683937823885,-0.15141123714059612,0.16507170788312914,0.018666368919943332,0
284,0.18559718969555053,0.05595588235294117,-0.01557299096528758,-0.052784974093264214,-0.004616196254286442,0.15952961202110583,0.018666368919943332,0
285,0.13973458235753344,0.04514705882352941,-0.06823585354255834,-0.14313471502590672,-0.13795832234238983,0.13058755585276172,0.018666368919943332,0
286,0.06674473067915718,-0.03367647058823524,0.00974797907750835,0.10168393782383425,-0.03455552624637297,0.05792452121734459,0.018666368919943332,0
287,0.05191256830601118,-0.031029411764705826,0.005468378506894855,0.07836787564766845,0.023212872592983408,-0.06892789518007847,0.018666368919943332,0
288,0.20081967213114763,0.18183823529411763,-0.04398478364241576,-0.29047927461139894,-0.3133737800052756,0.02836667661988678,0.018666368919943332,0
289,0.19047619047619058,0.09705882352941175,-0.058487874465049994,-0.29404145077720206,-0.30123977842257976,0.18108220704008549,0.018666368919943332,0
290,0.1908665105386418,0.0425,0.06669044222539233,-0.02461139896373052,0.04563439725666055,0.12935597899453433,0.018666368919943332,0
291,0.11553473848555841,-0.017941176470588172,-0.1031859248692345,0.04339378238341973,-0.007649696649960416,0.0997981343970765,0.018666368919943332,0
292,0.09562841530054664,0.016764705882352966,-0.029778887303851642,-0.04695595854922276,0.02664204695331049,0.07947711623632425,0.018666368919943332,0
293,0.06635441061670597,0.0975,-0.0213980028530672,-0.24481865284974091,-0.1878132418886837,0.049303483209752724,0.018666368919943332,0
294,0.11553473848555841,0.15955882352941175,-0.18295292439372335,-0.04792746113989632,0.20548667897652345,0.016050908037612693,0.018666368919943332,0
295,0.05776736924277934,0.005294117647058856,0.03061103185924874,-0.1392487046632124,-0.22025850699024002,0.06346661707936793,0.018666368919943332,0
296,0.04683840749414546,-0.00941176470588229,-0.034236804564907186,0.04080310880829019,0.0002637826431021034,0.06285082865025422,0.018666368919943332,0
297,0.11982825917252174,0.0752941176470588,-0.04909652876842602,0.058937823834196934,0.05143761540490638,0.016050908037612693,0.018666368919943332,0
298,0.14754098360655746,0.05294117647058823,0.033404660009510256,-0.2674870466321243,-0.20179372197309414,0.00619829317179342,0.018666368919943332,0
299,0.028883684621389807,0.13470588235294115,0.022705658582976795,-0.08678756476683935,-0.1107887101028752,0.06531398236670904,0.018666368919943332,0
