,Unnamed: 0,0,1,2,3,4,5,6,mal
0,0,0.094457455113193,0.1835294117647058,0.0210413694721826,-0.0945595854922279,-0.1123714059614877,0.1121139029793505,0.0186663689199433,0
1,1,0.0526932084309136,0.0392647058823529,-0.0284117926771279,-0.0686528497409326,-0.0313901345291479,0.1743085343198347,0.0186663689199433,0
2,2,0.2092115534738486,-0.0051470588235293,-0.0174750356633382,-0.1295336787564766,-0.1458718016354523,0.0874823658148024,0.0186663689199433,0
3,3,0.1155347384855584,0.0947058823529411,-0.0398240608654303,-0.1483160621761657,-0.151147454497494,0.0850192120983475,0.0186663689199433,0
4,4,0.0550351288056208,0.1498529411764705,-0.0817879220161674,-0.1696891191709844,-0.1281983645476127,0.1231980947033972,0.0186663689199433,0
5,5,0.2496096799375489,0.0293382352941176,-0.0687113647170709,-0.1677461139896373,-0.0803218148245845,0.125661248419852,0.0186663689199433,0
6,6,0.1978922716627635,0.0477941176470588,-0.0137898240608655,0.030440414507772,0.0335003956739646,0.0887139426730298,0.0186663689199433,0
7,7,0.0644028103044499,-0.0142647058823528,0.0693057536852116,-0.3089378238341969,-0.2292271168557108,0.0308298303363415,0.0186663689199433,0
8,8,0.0226385636221704,0.1558823529411764,0.0684736091298146,0.0829015544041451,0.0509100501187022,0.0259035229034319,0.0186663689199433,0
9,9,0.0109289617486341,0.0700735294117647,-0.0379220161673799,-0.1130181347150258,-0.1212081245054075,0.01728248489584,0.0186663689199433,0
10,10,0.2295081967213115,0.0913235294117646,-0.0203281027104136,-0.0498704663212434,-0.0440517013980479,0.0690087129413912,0.0186663689199433,0
11,11,0.1978922716627635,-0.0188235294117646,-0.0474322396576318,-0.3128238341968912,-0.248747032445265,0.0419140220603882,0.0186663689199433,0
12,12,0.096409055425449,0.1349264705882353,0.0386947218259629,-0.1259715025906735,-0.1005011870218939,0.0529982137844349,0.0186663689199433,0
13,13,-0.0761124121779857,0.0523529411764705,-0.0122444127436995,-0.0569948186528497,-0.1867581113162753,0.0394508683439334,0.0186663689199433,0
14,14,0.2271662763466043,0.105,0.0065382786495481,-0.1392487046632124,-0.0466895278290688,0.0468403294932979,0.0186663689199433,0
15,15,0.2681498829039813,0.0288235294117647,-0.0303138373751783,-0.2033678756476683,-0.2308098127143233,0.0566929443591171,0.0186663689199433,0
16,16,0.2533177205308354,0.0716176470588235,-0.1135282929148835,-0.1787564766839378,-0.0513057240833552,0.1225823062742835,0.0186663689199433,0
17,17,0.0472287275565966,0.0639705882352941,0.064788397527342,-0.1567357512953367,-0.0685834872065417,0.0936402501059394,0.0186663689199433,0
18,18,-0.0612802498048397,0.1145588235294117,0.1520446980504043,-0.1612694300518134,-0.1432339752044315,0.0419140220603882,0.0186663689199433,0
19,19,0.021857923497268,0.1313235294117647,0.1501426533523538,-0.0511658031088082,-0.1152730150356106,0.0887139426730298,0.0186663689199433,0
20,20,0.1772053083528494,0.06625,-0.0302543984783642,0.0673575129533678,0.0116064362964917,0.1650717078831291,0.0186663689199433,0
21,21,0.1444184231069478,0.0264705882352941,-0.078221588207323,-0.1042746113989637,-0.075705618570298,0.1749243227489484,0.0186663689199433,0
22,22,0.1303669008587044,0.0236764705882352,-0.0217546362339515,0.0272020725388601,0.0406225270377209,0.0751665972325283,0.0186663689199433,0
23,23,0.0971896955503515,0.0400735294117647,-0.0034474560152163,0.0469559585492228,-0.0150356106568187,0.0573087327882308,0.0186663689199433,0
24,24,0.1889149102263857,0.1279411764705882,0.0049928673323824,-0.1139896373056994,-0.0920601424426272,0.038219291485706,0.0186663689199433,0
25,25,0.2681498829039813,0.0316176470588235,-0.042677127912506,-0.3134715025906736,-0.305196518069111,0.0271350997616593,0.0186663689199433,0
26,26,0.0913348946135833,0.0526470588235294,-0.0186638135996196,-0.1139896373056994,-0.0886309680823001,0.0616192517920268,0.0186663689199433,0
27,27,0.1502732240437159,0.1116176470588235,-0.0148597242035188,0.0803108808290156,0.0319176998153521,0.0148193311793852,0.0186663689199433,0
28,28,0.1662763466042155,0.1167647058823529,0.0568830242510698,-0.0586139896373056,-0.0853336850435241,0.0905613079603709,0.0186663689199433,0
29,29,0.0558157689305232,0.1008823529411764,-0.0104612458392773,-0.169041450777202,-0.1493009759957794,0.0961034038223942,0.0186663689199433,0
30,30,0.1537861046057768,0.0958823529411764,-0.1072277698525916,-0.0977979274611398,-0.0403587443946188,0.1281244021363069,0.0186663689199433,0
31,31,0.1526151444184232,0.0076470588235294,-0.048264384213029,-0.0556994818652849,0.022157742020575,0.0295982534781141,0.0186663689199433,0
32,32,-0.0281030444964869,0.0427941176470588,0.0303138373751783,0.0362694300518134,0.0160907412292271,4.0408880656372936e-05,0.0186663689199433,0
33,33,0.1213895394223265,0.1639705882352941,-0.0422016167379934,-0.0977979274611398,-0.0664732260617251,0.0394508683439334,0.0186663689199433,0
34,34,0.0105386416861829,0.0804411764705882,-0.0210413694721824,0.0550518134715026,0.0361382221049855,0.0813244815236653,0.0186663689199433,0
35,35,0.0378610460577676,0.0877205882352941,0.0062410841654779,-0.1178756476683937,-0.0391717225006594,0.0696245013705049,0.0186663689199433,0
36,36,0.2341920374707261,0.0599999999999999,-0.0716833095577746,0.0284974093264248,0.0902136639409127,0.1367454401438987,0.0186663689199433,0
37,37,0.1100702576112414,-0.0052941176470587,-0.0156918687589159,-0.2435233160621761,-0.129253495120021,0.0973349806806216,0.0186663689199433,0
38,38,0.1085089773614366,0.0498529411764705,-0.0165240133143129,-0.1988341968911917,-0.1099973621735689,0.0997981343970765,0.0186663689199433,0
39,39,0.0704527712724436,0.0760294117647058,0.0860080836899667,-0.1120466321243523,-0.0844104457926668,0.0357561377692512,0.3305069431793472,0
40,40,0.0335675253708043,0.1525,0.0394674274845459,-0.0161917098445595,-0.1060406225270376,0.0505350600679801,0.3305069431793472,0
41,41,0.17096018735363,0.118235294117647,-0.0758440323347599,-0.0284974093264248,-0.0487997889738855,0.119503364128715,0.3305069431793472,0
42,42,0.0979703356752539,0.0563970588235294,-0.0505230622919639,-0.1366580310880828,-0.1204167765761012,0.0917928848185983,0.3305069431793472,0
43,43,0.239656518345043,-0.0349999999999999,-0.0699001426533524,0.2286269430051813,0.1751516750197837,0.0394508683439334,0.3305069431793472,0
44,44,0.2400468384074942,-0.0327941176470587,-0.0958155016642892,-0.2778497409326425,-0.2389870746504879,0.011124600604703,0.3305069431793472,0
45,45,0.0737704918032789,0.0783823529411764,-0.014265335235378,-0.2441709844559585,-0.0949617515167501,0.0123561774629304,0.3305069431793472,0
46,46,0.191256830601093,0.1189705882352941,-0.0645506419400857,-0.1249999999999999,-0.1313637562648377,0.032061407194569,0.3305069431793472,0
47,47,0.0749414519906325,0.1036764705882353,-0.0044579172610555,-0.1965673575129533,-0.0965444473753626,0.0597718865046857,0.3305069431793472,0
48,48,0.0815768930523031,0.098235294117647,0.1803376129339039,-0.3180051813471502,-0.2310735953574254,0.038219291485706,0.3305069431793472,0
49,49,0.1280249804839971,0.1205882352941176,0.098906324298621,0.2169689119170984,0.0743867053547876,0.1244296715616246,0.3305069431793472,0
50,50,0.1799375487900079,0.1066176470588235,-0.0508796956728482,-0.1444300518134714,-0.1540490635716169,0.1231980947033972,0.3305069431793472,0
51,51,0.1945745511319282,0.0605147058823529,-0.1299334284355683,-0.3277202072538859,-0.2355579002901608,0.146598055009718,0.3305069431793472,0
52,52,0.1448087431693989,0.0291176470588235,-0.0583689966714218,-0.0330310880829015,-0.0134529147982062,0.0394508683439334,0.3305069431793472,0
53,53,0.1608118657298986,0.0867647058823529,0.0254398478364241,0.0136010362694301,0.015826958586125,0.0419140220603882,0.3305069431793472,0
54,54,0.060889929742389,0.1287499999999999,-0.0073109843081312,-0.153821243523316,-0.1486415193880242,0.0449929642059568,0.3305069431793472,0
55,55,-0.004293520686963,0.0377941176470588,0.1009272467902996,0.0362694300518134,-0.2199947243471379,0.1256612484198521,0.3305069431793472,0
56,56,0.1729117876658861,0.1738235294117646,0.1579885877318116,-0.147020725388601,-0.0677921392772355,0.1416717475768084,0.3305069431793472,0
57,57,0.0827478532396567,0.0338235294117647,-0.063242986210176,-0.3523316062176165,-0.2756528620416776,0.0973349806806216,0.3305069431793472,0
58,58,0.1348555815768932,0.0948529411764705,-0.0803613884926296,0.0113341968911917,0.0782115536797678,0.1084191724046683,0.3305069431793472,0
59,59,0.0452771272443406,-0.0419117647058822,-0.0054683785068949,-0.2875647668393782,-0.2134001582695858,0.092408673247712,0.3305069431793472,0
60,60,-0.0679156908665102,0.1122058823529411,0.017475035663338,0.0123056994818653,-0.0155631759430229,0.0148193311793852,0.3305069431793472,0
61,61,0.1510538641686183,0.038235294117647,0.019020446980504,-0.1813471502590673,-0.1558955420733315,0.0887139426730298,0.3305069431793472,0
62,62,0.0923106947697114,0.1033088235294117,-0.029243937232525,-0.108160621761658,-0.0540754418359271,0.0468403294932979,0.3305069431793472,0
63,63,0.055425448868072,-0.0148529411764705,-0.0866619115549215,-0.2959844559585491,-0.2334476391453442,0.0961034038223942,0.3305069431793472,0
64,64,0.1846213895394224,0.0139705882352941,-0.1088920589633857,0.125,-0.003429174360327,0.0936402501059394,0.3305069431793472,0
65,65,0.1787665886026542,0.0420588235294117,-0.0922491678554446,-0.0887305699481865,0.0403587443946188,0.0234403691869771,0.3305069431793472,0
66,66,0.1602263856362218,0.0612499999999999,-0.0407750832144556,-0.2431994818652849,-0.1740965444473753,0.0677771360831638,0.3305069431793472,0
67,67,0.1198282591725217,0.0402941176470588,-0.0325725154541133,0.2428756476683938,0.1121076233183856,0.0665455592249364,0.3305069431793472,0
68,68,0.1604215456674474,0.1360294117647058,0.0109367570137898,-0.0906735751295336,-0.0424690055394354,0.0727034435160735,0.3305069431793472,0
69,69,0.0448868071818894,0.0964705882352941,0.0742391821207798,-0.1952720207253885,-0.1365075178053283,0.1398243822894672,0.3305069431793472,0
70,70,0.2962529274004685,-0.0486764705882352,-0.037208749405611,0.1742227979274612,-0.1551041941440253,0.1761558996071758,0.3305069431793472,0
71,71,0.2392661982825918,0.1866176470588235,-0.0391107941036614,-0.0777202072538859,0.0205750461619625,0.146598055009718,0.3305069431793472,0
72,72,0.0765027322404374,0.0580882352941176,-0.1698763670946267,-0.0537564766839377,-0.0211026114481666,0.1429033244350358,0.3305069431793472,0
73,73,0.2113583138173302,0.0827205882352941,-0.0877318116975749,-0.1917098445595854,-0.1652598259034555,0.1521401508717413,0.3305069431793472,0
74,74,-0.0628415300546445,-0.0119117647058822,0.0036852116024727,-0.1463730569948186,-0.0480084410445792,0.0739350203743009,0.3305069431793472,0
75,75,0.0042935206869635,0.1111764705882352,0.045886828340466,0.0841968911917099,0.0258506990240042,-0.007349052268708,0.3305069431793472,0
76,76,0.055425448868072,0.0172058823529411,0.0210413694721826,-0.0408031088082901,-0.0691110524927459,-0.0122753597016177,0.3305069431793472,0
77,77,0.0604996096799378,0.0543382352941176,-0.0483832620066572,-0.1661269430051813,-0.1599841730414138,0.0043509278844523,0.3305069431793472,0
78,78,0.2740046838407495,0.1791176470588235,-0.1211364717070851,-0.0718911917098445,-0.0176734370878395,0.1158086335540328,0.3305069431793472,0
79,79,0.0015612802498051,0.005,0.02377555872563,-0.0252590673575129,0.050382484832498,0.0739350203743009,0.3305069431793472,0
80,80,-0.0386416861826695,0.0417647058823529,0.1134094151212553,-0.3516839378238341,-0.2672118174624109,0.0295982534781141,0.3305069431793472,0
81,81,0.103825136612022,0.1074264705882352,0.0987280076081787,-0.0595854922279792,-0.0932471643365866,0.0462245410641842,0.3305069431793472,0
82,82,-0.0370804059328646,0.1055882352941176,0.0565858297669995,-0.1282383419689119,-0.2271168557108941,0.0332929840527964,0.3305069431793472,0
83,83,0.021857923497268,0.1647058823529411,-0.0842843556823585,0.0880829015544042,0.0540754418359272,0.1108823261211231,0.3305069431793472,0
84,84,0.092505854800937,0.040735294117647,-0.1156680932001902,0.1185233160621762,0.1216037984700607,0.1268928252780795,0.3305069431793472,0
85,85,0.1584699453551913,0.1239705882352941,0.021398002853067,0.3296632124352331,0.2722236876813506,0.1355138632856713,0.3305069431793472,0
86,86,0.0076112412177988,0.0547058823529411,0.0634807417974322,-0.0469559585492227,0.0035610656818781,0.0542297906426623,0.3305069431793472,0
87,87,0.0390320062451212,0.1385294117647058,0.0364954826438421,0.1386010362694301,0.0097599577947771,-0.0492226654484399,0.3305069431793472,0
88,88,-0.0218579234972675,0.0689705882352941,-0.0180694246314789,-0.0220207253886009,-0.1176470588235293,0.0456087526350705,0.3305069431793472,0
89,89,-0.0204918032786882,0.1355882352941176,0.0502853067047075,-0.1978626943005181,-0.2275125296755473,0.0856350005274613,0.3305069431793472,0
90,90,0.1768149882903982,0.1338235294117647,-0.0364954826438422,-0.1573834196891191,-0.1498285412819836,0.1158086335540328,0.3305069431793472,0
91,91,0.0604996096799378,0.0877941176470588,0.0748930099857346,0.1975388601036269,-0.0709575309944605,0.179850630181858,0.3305069431793472,0
92,92,0.0167837626854022,-0.0723529411764705,-0.1371849738468855,-0.3490932642487046,-0.2313373780005275,0.1478296318679454,0.3305069431793472,0
93,93,0.1934035909445746,0.0331617647058823,-0.04755111745126,-0.2746113989637305,-0.1585333685043524,0.0665455592249364,0.3305069431793472,0
94,94,-0.0027322404371582,0.0176470588235294,0.0078459343794579,-0.1321243523316062,-0.1324188868372461,0.0037351394553385,0.3305069431793472,0
95,95,0.1096799375487902,0.1520588235294117,0.1315977175463624,-0.069300518134715,-0.0815088367185438,0.0468403294932979,0.3305069431793472,0
96,96,0.0901639344262297,0.0844117647058823,0.2101759391345696,-0.1651554404145077,-0.0335003956739646,0.0271350997616593,0.3305069431793472,0
97,97,0.0778688524590165,0.1522794117647058,0.0389919163100332,-0.1253238341968911,-0.1616987602215774,0.1201191525578287,0.3305069431793472,0
98,98,-0.0593286494925837,0.0858823529411764,-0.0781027104136948,0.0563471502590674,-0.1060406225270376,0.1613769773084469,0.3305069431793472,0
99,99,-0.0241998438719747,0.028235294117647,-0.0519495958155016,0.0038860103626943,-0.0390398311791083,0.1884716681894499,0.3305069431793472,0
100,100,0.0967993754879002,0.0248529411764706,0.0099262957679504,-0.0278497409326424,-0.0501187021893959,0.0646981939375953,0.3305069431793472,0
101,101,0.1124121779859487,-0.0254411764705881,0.0271041369472183,-0.1567357512953367,-0.2321287259298338,-0.0122753597016177,0.3305069431793472,0
102,102,0.1412958626073381,0.0104411764705882,0.1009272467902996,-0.0550518134715025,-0.1189659720390398,-0.11572781579272,0.3305069431793472,0
103,103,0.2607338017174083,0.0605882352941176,-0.0156918687589159,-0.1036269430051813,-0.1946715906093378,-0.0332121662914836,0.3305069431793472,0
104,104,0.1401249024199845,0.111985294117647,-0.0504636233951498,-0.0637953367875647,-0.1202848852545502,0.0936402501059394,0.3305069431793472,0
105,105,0.1572989851678377,0.0935294117647058,-0.118640038040894,-0.1884715025906735,-0.0485360063307834,0.2057137442046336,0.3305069431793472,0
106,106,0.222872755659641,0.1226470588235293,-0.0662149310508798,0.116580310880829,0.1437615404906357,0.1835453607565403,0.3305069431793472,0
107,107,0.0722092115534741,-0.0160294117647058,-0.0748930099857347,-0.2694300518134714,-0.1880770245317858,0.0702402897996186,0.3305069431793472,0
108,108,0.0251756440281032,0.0604411764705882,-0.0005349500713266,-0.3095854922279792,-0.173041413874967,0.0511508484970938,0.3305069431793472,0
109,109,0.0698672911787668,0.0663235294117647,0.0224679029957204,-0.1683937823834196,-0.0857293590081772,0.0493034832097527,0.3305069431793472,0
110,110,0.2603434816549571,0.1144117647058823,0.0304327151688065,-0.1126943005181346,-0.0836190978633605,0.0874823658148024,0.3305069431793472,0
111,111,0.2517564402810305,0.1701470588235294,-0.0199714693295293,-0.0628238341968911,-0.0039567396465312,0.0739350203743009,0.3305069431793472,0
112,112,0.3005464480874318,0.0760294117647058,-0.1789705183071803,-0.5103626943005182,-0.2680031653917172,0.1995558599134966,0.3305069431793472,0
113,113,0.1612021857923498,0.1175,-0.0865430337612934,0.0265544041450777,0.1456080189923503,0.1034928649717587,0.3305069431793472,0
114,114,0.0175644028103047,-0.0419117647058822,-0.0179505468378507,-0.1891191709844559,-0.0142442627275125,0.0616192517920268,0.3305069431793472,0
115,115,-0.1151444184231066,0.0194117647058823,0.124227294341417,-0.1625647668393782,-0.0079134792930624,-0.0947910092028541,0.3305069431793472,0
116,116,0.0050741608118659,0.0928676470588235,0.0945672848311935,-0.1852331606217616,-0.1366394091268794,-0.0880173364826033,0.3305069431793472,0
117,117,0.1725214676034349,0.1266176470588235,-0.0122444127436995,-0.2480569948186528,-0.1883408071748878,0.0037351394553385,0.3305069431793472,0
118,118,0.2431693989071039,0.228235294117647,-0.1150737042320494,-0.1230569948186528,-0.1247691901872856,0.1219665178451698,0.3305069431793472,0
119,119,0.1506635441061672,0.0145588235294117,-0.0438064669519734,-0.0511658031088082,0.0772883144289106,0.1459822665806043,0.3305069431793472,0
120,120,0.2775175644028104,0.0267647058823529,-0.116262482168331,-0.1612694300518134,-0.119757319968346,0.1478296318679454,0.3305069431793472,0
121,121,0.2903981264637003,-0.0555882352941175,-0.1746314788397528,-0.0518134715025906,0.0517013980480084,0.1379770170021261,0.3305069431793472,0
122,122,0.1744730679156909,0.0989705882352941,0.0678792201616736,-0.1152849740932642,0.0216301767343709,0.044377175776843,0.3305069431793472,0
123,123,0.0115144418423109,0.0727205882352941,0.1557893485496909,-0.0615284974093263,0.1090741229227116,-0.0135069365598451,0.3305069431793472,0
124,124,0.0171740827478534,0.1747058823529411,0.038754160722777,-0.1781088082901554,-0.1828013716697441,0.0357561377692512,0.3305069431793472,0
125,125,0.0359094457455115,0.0864705882352941,-0.0262719923918212,-0.0569948186528497,-0.3015035610656819,0.1552190930173099,0.3305069431793472,0
126,126,0.0577673692427793,0.1086764705882352,-0.1655967665240134,0.0906735751295337,0.1685571089422316,0.25497681853373,0.3305069431793472,0
127,127,0.0189305230288839,0.0143382352941176,-0.0823228720874941,-0.2276554404145077,-0.1632814560801899,0.098566557538849,0.3305069431793472,0
128,128,0.0905542544886809,0.0639705882352941,0.0087969567284831,-0.2972797927461139,-0.1646003692957003,0.044377175776843,0.3305069431793472,0
129,129,0.0866510538641688,0.0883823529411764,0.0131954350927246,-0.2461139896373056,-0.1340015826958586,-0.0356753200079384,0.3305069431793472,0
130,130,0.0519125683060111,0.1277941176470588,-0.0285306704707559,-0.1560880829015543,-0.0466895278290688,-0.0319805894332562,0.3305069431793472,0
131,131,0.1094847775175646,0.1230147058823529,-0.0022586780789348,-0.1447538860103626,0.0646267475600106,-0.0486068770193262,0.3305069431793472,0
132,132,0.0839188134270104,0.0554411764705882,-0.0332857822158821,-0.1593264248704663,-0.2711685571089422,0.0234403691869771,0.3305069431793472,0
133,133,0.1346604215456677,0.1105882352941176,0.0816690442225391,0.2823834196891192,0.1928251121076233,0.0456087526350705,0.3305069431793472,0
134,134,-0.0081967213114751,0.0967647058823529,-0.0146219686162625,-0.1366580310880829,-0.3136375626483777,0.0690087129413912,0.3305069431793472,0
135,135,0.1733021077283374,0.0743382352941176,-0.0831550166428912,-0.1207901554404144,-0.0265101556317594,0.1016454996844176,0.3305069431793472,0
136,136,0.0347384855581579,0.1022058823529411,-0.0520684736091298,-0.0893782383419688,-0.1967818517541545,0.0283666766198867,0.3305069431793472,0
137,137,-0.0839188134270098,0.0533823529411764,-0.0023775558725629,0.1547927461139897,0.1271432339752044,0.0295982534781141,0.3305069431793472,0
138,138,0.1832552693208431,0.1280882352941176,-0.0128388017118402,-0.1781088082901554,-0.1014244262727512,0.0936402501059394,0.3305069431793472,0
139,139,0.1412958626073381,0.1095588235294117,-0.0857108892058964,-0.1865284974093264,-0.22025850699024,0.1416717475768084,0.4363322500837414,0
140,140,0.1358313817330213,0.0297058823529411,-0.0677603423680457,0.0239637305699482,-0.0746504879978897,0.1268928252780795,0.4363322500837414,0
141,141,-0.0074160811865727,-0.0410294117647058,0.0265097479790775,-0.2208549222797927,-0.267475600105513,0.0394508683439334,0.4363322500837414,0
142,142,0.1491022638563623,0.0555882352941176,0.0208036138849263,-0.2814119170984456,-0.3003165391717225,0.0468403294932979,0.4363322500837414,0
143,143,0.2943013270882124,0.1054411764705882,-0.0745363766048503,-0.0155440414507771,-0.1068319704563439,0.1293559789945343,0.4363322500837414,0
144,144,0.0199063231850119,0.0573529411764705,0.0444602948169281,-0.169041450777202,-0.3078343445001318,0.1158086335540328,0.4363322500837414,0
145,145,0.1533957845433256,0.0854411764705882,0.0817879220161674,-0.2597150259067357,-0.0672645739910313,0.0234403691869771,0.4363322500837414,0
146,146,0.0876268540202968,0.0356617647058823,0.0274013314312886,0.202720207253886,0.0761012925349511,0.0246719460452045,0.4363322500837414,0
147,147,0.1385636221701798,0.1360294117647058,-0.0552781740370899,-0.099740932642487,-0.1632814560801899,0.0234403691869771,0.4363322500837414,0
148,148,0.0967993754879003,0.0579411764705882,-0.0533761293390395,-0.3290155440414507,-0.2817198628330255,0.0825560583818927,0.4363322500837414,0
149,149,0.1756440281030445,0.0591911764705882,-0.043568711364717,-0.1891191709844559,-0.2418886837246109,0.0222087923287497,0.4363322500837414,0
150,150,0.1209992193598753,0.0391176470588235,-0.0279362815026152,0.038860103626943,0.0321814824584542,0.0468403294932979,0.4363322500837414,0
151,151,0.0558157689305232,0.1608823529411764,0.0694246314788397,0.0233160621761658,0.037720917963598,0.0628508286502542,0.4363322500837414,0
152,152,-0.0245901639344259,0.145,0.0376842605801236,0.0181347150259067,0.0208388288050646,-0.0024227448357984,0.4363322500837414,0
153,153,0.1170960187353631,0.0214705882352941,-0.0137303851640513,0.2289507772020725,0.1295172777631232,0.0351403493401375,0.4363322500837414,0
154,154,0.202576112412178,0.1467647058823529,0.0053495007132667,-0.0809585492227979,-0.0654180954893167,0.0222087923287497,0.4363322500837414,0
155,155,0.0788446526151446,0.0166176470588235,-0.030908226343319,-0.25,-0.2160379847006066,0.071471866657846,0.4363322500837414,0
156,156,0.1405152224824358,0.1445588235294117,-0.0658582976699952,0.0194300518134715,-0.0234766552360854,0.0788613278072105,0.4363322500837414,0
157,157,0.0950429352068698,0.0413235294117647,-0.0027936281502614,-0.2435233160621761,-0.1965180691110524,0.081940269952779,0.4363322500837414,0
158,158,-0.072989851678376,0.1644117647058823,0.1338563956252971,-0.2875647668393782,-0.3057240833553152,0.0800929046654379,0.4363322500837414,0
159,159,0.0394223263075724,-0.036470588235294,0.1029481692819781,0.319300518134715,0.0427327881825376,0.0813244815236653,0.4363322500837414,0
160,160,0.0359094457455115,0.010735294117647,-0.0732287208749406,-0.2908031088082901,-0.4249538380374571,0.059156098075572,0.4363322500837414,0
161,161,0.1533957845433257,0.1214705882352941,0.0017831669044223,0.0699481865284974,-0.0444473753627011,0.2592873375375259,0.4363322500837414,0
162,162,0.1245120999219362,0.0354411764705882,-0.0655016642891109,-0.0414507772020724,-0.135584278554471,0.1256612484198521,0.4363322500837414,0
163,163,0.1604215456674474,0.0711764705882352,-0.0910603899191631,-0.191062176165803,-0.1973094170403587,0.0566929443591171,0.4363322500837414,0
164,164,0.1535909445745513,0.0438970588235294,-0.1022943414170233,-0.1279145077720207,-0.0795304668952782,0.1108823261211231,0.4363322500837414,0
165,165,0.2388758782201406,0.0477941176470588,-0.056229196386115,-0.2998704663212435,-0.163809021366394,0.0135877543211578,0.4363322500837414,0
166,166,0.1748633879781421,-0.0051470588235293,-0.0310271041369473,-0.1664507772020725,-0.0469533104721709,0.0468403294932979,0.4363322500837414,0
167,167,0.0765027322404374,-0.0061764705882352,0.0991440798858773,-0.1580310880829015,-0.0762331838565022,-0.0319805894332562,0.4363322500837414,0
168,168,0.0273224043715849,0.1099264705882352,0.0738825487398954,-0.0634715025906735,-0.0700342917436032,0.0117403890338167,0.4363322500837414,0
169,169,0.0604996096799378,0.0574999999999999,-0.050641940085592,-0.0453367875647667,0.066209443418623,0.0973349806806216,0.4363322500837414,0
170,170,0.1854020296643248,0.0392647058823529,-0.0495720399429387,-0.2461139896373056,-0.1358480611975731,0.1182717872704876,0.4363322500837414,0
171,171,0.0612802498048402,0.0330882352941176,-0.0607465525439847,-0.0945595854922279,-0.0677921392772355,0.119503364128715,0.4363322500837414,0
172,172,0.1809133489461359,0.058235294117647,-0.0518307180218735,-0.0365932642487046,0.0226853073067792,0.0616192517920268,0.4363322500837414,0
173,173,0.2135050741608119,0.0841176470588235,-0.1601283880171184,0.0129533678756477,0.0395673964653126,0.1182717872704876,0.4363322500837414,0
174,174,0.2076502732240437,-0.0122058823529411,-0.0178316690442226,-0.2221502590673575,-0.0039567396465312,0.092408673247712,0.4363322500837414,0
175,175,0.2138953942232631,0.088235294117647,0.0485021398002853,-0.0550518134715025,-0.0292798733843312,0.0271350997616593,0.4363322500837414,0
176,176,-0.0294691647150661,0.065,0.070375653827865,-0.0547279792746113,-0.0356106568187813,0.0456087526350705,0.4363322500837414,0
177,177,0.1385636221701798,0.0792647058823529,0.0451735615786971,-0.1968911917098445,-0.1756792403059878,0.0788613278072105,0.4363322500837414,0
178,178,0.0132708821233414,0.0448529411764705,-0.0348311935330481,0.1709844559585492,0.0741229227116856,0.0788613278072105,0.4363322500837414,0
179,179,0.0784543325526934,0.1630882352941176,0.0186638135996195,-0.0408031088082901,-0.0633078343445001,0.1675348615995839,0.4363322500837414,0
180,180,0.1237314597970337,0.0424264705882353,-0.1563837375178317,-0.3562176165803108,-0.2586388815615932,0.0542297906426623,0.4363322500837414,0
181,181,0.0526932084309136,0.018235294117647,-0.1757013789824061,-0.0563471502590673,0.2809285149037194,0.0123561774629304,0.4363322500837414,0
182,182,0.1549570647931304,0.0251470588235294,0.0461245839277223,-0.0537564766839377,-0.0145080453706145,-0.0061174754104806,0.4363322500837414,0
183,183,0.0694769711163156,0.0216176470588235,0.1066928197812648,-0.1398963730569948,-0.1912424162490107,-0.055380549739577,0.4363322500837414,0
184,184,0.1697892271662764,0.1358823529411764,0.0832144555397051,-0.0401554404145077,-0.4297019256132946,0.0025035625971111,0.4363322500837414,0
185,185,0.1658860265417643,0.0617647058823529,-0.1414645744174988,-0.0699481865284973,-0.1303086256924294,0.1170402104122602,0.4363322500837414,0
186,186,0.2306791569086652,0.0379411764705882,-0.0668093200190205,-0.3309585492227979,-0.2835663413347401,0.1429033244350358,0.4363322500837414,0
187,187,0.0669398907103827,0.0735294117647058,0.0297788873038516,-0.0825777202072538,-0.1313637562648377,0.1268928252780795,0.4363322500837414,0
188,188,-0.0222482435597186,0.0316176470588235,0.0398240608654303,0.1282383419689119,0.0759694012134001,0.0529982137844349,0.4363322500837414,0
189,189,0.1424668227946917,0.130735294117647,-0.0070137898240608,-0.0919689119170984,-0.1089422316011606,-0.0381384737243933,0.4363322500837414,0
190,190,0.1311475409836068,0.0576470588235294,0.0076081787922016,0.0569948186528498,-0.0076496966499604,0.0234403691869771,0.4363322500837414,0
191,191,0.223848555815769,0.1823529411764705,-0.0014265335235378,-0.1343911917098445,-0.1092060142442627,0.109034960833782,0.4363322500837414,0
192,192,0.1740827478532397,0.1373529411764706,0.0281740370898716,-0.1224093264248704,-0.1128989712476918,0.0887139426730298,0.4363322500837414,0
193,193,0.1350507416081189,-0.0560294117647058,-0.0022586780789348,-0.2260362694300517,-0.188868372461092,0.1416717475768084,0.4363322500837414,0
194,194,0.0530835284933648,0.0466176470588235,0.0555159296243462,0.0459844559585492,0.0240042205222896,0.032061407194569,0.4363322500837414,0
195,195,0.0960187353629979,0.0655882352941176,-0.041191155492154,-0.1930051813471502,-0.1855710894223159,0.0597718865046857,0.4363322500837414,0
196,196,0.1057767369242781,0.1095588235294117,0.0087969567284831,-0.316062176165803,-0.2840939066209443,0.1034928649717587,0.4363322500837414,0
197,197,0.0960187353629979,0.0441176470588235,-0.0432715168806466,-0.0110103626943004,-0.0646267475600105,0.004966716313566,0.4363322500837414,0
198,198,0.1120218579234975,0.0658823529411764,-0.0199714693295293,-0.2040155440414507,-0.1838565022421524,0.1121139029793505,0.4363322500837414,0
199,199,0.1949648711943795,0.0991176470588235,0.0120660960532573,-0.1240284974093263,-0.1502242152466367,0.1145770566958054,0.4363322500837414,0
200,200,0.1639344262295083,0.0604411764705882,0.012719923918212,0.0058290155440414,-0.1337378000527565,0.1699980153160388,0.4363322500837414,0
201,201,0.1772053083528494,0.073235294117647,-0.1009272467902996,0.0317357512953368,-0.0060670007913479,0.1096507492628957,0.4363322500837414,0
202,202,0.1891100702576113,0.0486764705882353,-0.0836305278174037,-0.0045336787564766,-0.0251912424162489,0.0788613278072105,0.4363322500837414,0
203,203,0.0273224043715849,0.0689705882352941,0.013433190679981,-0.1476683937823834,-0.1696122395146399,-0.0085806291269354,0.4363322500837414,0
204,204,0.2197501951600313,0.0217647058823529,0.0580123632905373,-0.3847150259067357,-0.273806383539963,0.004966716313566,0.4363322500837414,0
205,205,0.1803278688524591,0.1094117647058823,-0.0494531621493103,-0.1418393782383419,-0.129253495120021,0.0640824055084816,0.4363322500837414,0
206,206,0.1165105386416863,0.060735294117647,-0.0174155967665239,0.1039507772020726,0.0671326826694803,0.0634666170793679,0.4363322500837414,0
207,207,0.1229508196721314,0.0717647058823529,-0.0106990014265335,-0.0673575129533678,-0.0480084410445792,0.086250788956575,0.4363322500837414,0
208,208,0.0105386416861829,0.0336764705882352,0.0066571564431764,0.0932642487046632,-0.0321814824584542,0.0456087526350705,0.4363322500837414,0
209,209,0.0562060889929744,0.0447058823529411,0.0135520684736091,-0.2506476683937824,-0.1661830651543128,0.0308298303363415,0.4363322500837414,0
210,210,0.1358313817330212,0.0725735294117647,-0.0479077508321446,-0.0110103626943004,0.0238723292007386,0.0061982931717934,0.4363322500837414,0
211,211,0.2919594067135052,0.1252941176470588,-0.0552781740370899,-0.324481865284974,-0.1901872856766024,0.0135877543211578,0.4363322500837414,0
212,212,0.1143637782982048,0.0495588235294117,0.0009510223490251,0.0181347150259067,0.0733315747823793,0.0997981343970765,0.4363322500837414,0
213,213,0.1077283372365342,0.0461764705882352,0.0099857346647646,0.1949481865284975,0.1318913215510419,0.0665455592249364,0.4363322500837414,0
214,214,0.0644028103044498,0.0655882352941176,-0.0234783642415596,-0.229922279792746,-0.2881825375890266,0.0911770963894846,0.4363322500837414,0
215,215,-0.0710382513661199,0.0514705882352941,0.0275796481217308,-0.2305699481865284,-0.1287259298338169,0.0222087923287497,0.4363322500837414,0
216,216,-0.0085870413739263,0.1170588235294117,0.0269852591535901,0.0019430051813471,0.0522289633342126,0.0061982931717934,0.4363322500837414,0
217,217,0.1151444184231072,0.0595588235294117,0.0504041844983357,0.0116580310880829,-0.2118174624109733,0.0529982137844349,0.4363322500837414,0
218,218,0.0952380952380954,0.0963970588235294,-0.0127793628150261,-0.1249999999999999,-0.0623845950936428,0.0191298501831812,0.4363322500837414,0
219,219,0.1022638563622172,0.0264705882352941,-0.0771516880646696,-0.2441709844559585,-0.1582695858612503,0.1355138632856713,0.4363322500837414,0
220,220,0.1834504293520688,0.0645588235294117,-0.0981930575368521,-0.2208549222797927,-0.1237140596148773,0.0603876749337994,0.4363322500837414,0
221,221,0.1881342701014833,0.1152941176470588,-0.0105801236329053,-0.0887305699481865,0.0704299657082564,0.0566929443591171,0.4363322500837414,0
222,222,0.2103825136612022,0.0011764705882353,0.017475035663338,-0.3409974093264248,-0.2372724874703244,0.0474561179224116,0.4363322500837414,0
223,223,0.1280249804839971,0.2426470588235293,0.0303138373751783,-0.0226683937823833,-0.0134529147982062,0.065313982366709,0.4363322500837414,0
224,224,0.0655737704918035,0.0569117647058823,-0.0678792201616738,-0.0965025906735751,-0.1049854919546293,0.0763981740907557,0.4363322500837414,0
225,225,0.1530054644808745,0.1222058823529411,-0.0335235378031383,-0.3118523316062176,-0.2037720917963597,0.0893297311021435,0.4363322500837414,0
226,226,0.1237314597970338,-0.0129411764705881,-0.1148359486447932,-0.413860103626943,-0.3410709575309945,0.0222087923287497,0.4363322500837414,0
227,227,0.1896955503512881,0.0945588235294117,-0.1399191631003329,-0.060880829015544,0.0335003956739646,0.071471866657846,0.4363322500837414,0
228,228,0.2279469164715067,0.2322058823529411,-0.0707322872087495,-0.0880829015544041,0.2492745977314693,0.1379770170021261,0.4363322500837414,0
229,229,0.0040983606557379,0.0080882352941176,-0.0773300047551118,0.0184585492227979,0.1482458454233712,0.086250788956575,0.4363322500837414,0
230,230,0.1170960187353632,0.1610294117647058,0.2439372325249643,-0.1398963730569948,0.0538116591928251,-0.034443743149711,0.4363322500837414,0
231,231,0.0483996877439503,0.0367647058823529,0.0901093675701378,-0.0990932642487046,-0.3223423898707465,0.0025035625971111,0.4363322500837414,0
232,232,0.0370804059328652,0.100735294117647,0.0827389443651924,0.2707253886010363,0.1529939329992086,0.0086614468882482,0.4363322500837414,0
233,233,0.0704527712724435,0.0913235294117646,0.1057417974322396,-0.0025906735751294,-0.3168029543656027,0.0880981542439161,0.4363322500837414,0
234,234,0.1752537080405933,0.0263235294117647,0.0291250594388968,-0.4792746113989637,-0.210762331838565,0.0160509080376126,0.4363322500837414,0
235,235,0.1288056206088995,0.0839705882352941,-0.0578934854969092,-0.2402849740932642,-0.198364547612767,0.1478296318679454,0.4363322500837414,0
236,236,0.2271662763466043,0.0155882352941176,-0.1521635758440324,-0.0848445595854922,-0.1334740174096544,0.071471866657846,0.4363322500837414,0
237,237,0.308352849336456,-0.0072058823529411,-0.1371849738468855,-0.3021373056994818,-0.1707992614085993,0.044377175776843,0.4363322500837414,0
238,238,0.3329430132708822,0.1345588235294117,-0.0590822634331907,-0.3769430051813471,-0.2376681614349775,0.0123561774629304,0.4363322500837414,0
239,239,0.0253708040593289,0.0219117647058823,-0.1176890156918688,0.2642487046632124,0.1835927195990503,-0.007349052268708,0.5386098656026137,0
240,240,0.0642076502732242,0.0680882352941176,-0.0545054683785069,-0.1078367875647668,-0.0276971775257187,0.0671613476540501,0.5386098656026137,0
241,241,0.0952380952380955,0.0136764705882352,-0.0653827864954826,-0.1405440414507771,-0.1181746241097335,0.0554613675008897,0.5386098656026137,0
242,242,-0.0300546448087429,-0.0020588235294117,0.0153352353780313,-0.3788860103626942,-0.2851490371933526,0.086250788956575,0.5386098656026137,0
243,243,0.1904761904761905,0.1074999999999999,-0.0605087969567285,-0.2389896373056994,-0.4262727512529675,-0.007349052268708,0.5386098656026137,0
244,244,0.2617096018735364,0.0526470588235294,0.0332857822158821,0.0430699481865285,0.1216037984700607,0.0542297906426623,0.5386098656026137,0
245,245,0.1494925839188135,0.0626470588235294,-0.0429148834997622,-0.2623056994818653,-0.0807174887892376,-0.0135069365598451,0.5386098656026137,0
246,246,0.1128024980483999,0.1729411764705882,0.0357822158820732,-0.3957253886010362,-0.2946452123450276,0.0887139426730298,0.5386098656026137,0
247,247,0.1483216237314598,0.1198529411764705,-0.0003566333808844,-0.5213730569948187,-0.5309944605644948,0.1034928649717587,0.5386098656026137,0
248,248,0.0370804059328652,0.1017647058823529,-0.0015454113171659,-0.0556994818652849,-0.1024795568451595,0.0917928848185983,0.5386098656026137,0
249,249,0.1139734582357535,-0.003970588235294,-0.1319543509272469,-0.3490932642487046,-0.2769717752571881,0.0874823658148024,0.5386098656026137,0
250,250,0.1174863387978144,0.0326470588235294,0.0065382786495481,-0.2933937823834197,-0.2616723819572671,0.1022612881135313,0.5386098656026137,0
251,251,0.0261514441842313,0.1089705882352941,-0.0359010936757013,-0.3387305699481865,-0.3455552624637298,0.0197456386122949,0.5386098656026137,0
252,252,0.0454722872755662,0.0622794117647058,-0.0394674274845458,0.0161917098445596,-0.2521762068055921,0.0610034633629131,0.5386098656026137,0
253,253,0.1502732240437159,0.1479411764705882,-0.1005706134094152,-0.1891191709844559,-0.2376681614349775,0.1219665178451698,0.5386098656026137,0
254,254,0.060889929742389,-0.0388235294117646,-0.0105801236329053,-0.3387305699481865,-0.2466367713004484,0.119503364128715,0.5386098656026137,0
255,255,0.007025761124122,0.1025,0.0256776034236804,0.0369170984455958,-0.0335003956739646,0.0345245609110238,0.5386098656026137,0
256,256,0.1789617486338798,0.096985294117647,-0.0502853067047076,-0.3837435233160622,-0.1444209970983909,-0.0085806291269354,0.5386098656026137,0
257,257,0.1854020296643248,0.0445588235294117,-0.1476462196861627,-0.4753886010362694,-0.4157214455288842,0.0493034832097527,0.5386098656026137,0
258,258,0.3497267759562842,0.1673529411764706,-0.1295767950546839,-0.1884715025906735,-0.0414138749670271,0.0259035229034319,0.5386098656026137,0
259,259,0.0921155347384858,0.023235294117647,0.0211008083689966,-0.2652202072538859,-0.2006067000791347,-0.0221279745674369,0.5386098656026137,0
260,260,0.2997658079625294,0.1923529411764705,0.0014265335235378,-0.1088082901554403,-0.1653917172250065,0.0505350600679801,0.5386098656026137,0
261,261,0.0745511319281813,0.0563235294117647,0.0202092249167855,-0.2376943005181347,-0.3120548667897652,0.0763981740907557,0.5386098656026137,0
262,262,0.0882123341139737,-0.0576470588235293,0.0155729909652876,-0.4669689119170984,-0.1268794513321023,-0.0048858985522532,0.5386098656026137,0
263,263,0.2837626854020297,0.1076470588235294,-0.1138254873989539,0.0012953367875648,-0.0829596412556053,0.1422875360059221,0.5386098656026137,0
264,264,0.0081967213114756,-0.0233823529411764,0.0532572515454113,-0.1638601036269429,-0.7198628330255868,0.1182717872704876,0.5386098656026137,0
265,265,0.1916471506635442,0.153235294117647,-0.0903471231573943,-0.319300518134715,0.411764705882353,0.0332929840527964,0.5386098656026137,0
266,266,0.1787665886026542,0.0411764705882352,0.0001188777936281,-0.4954663212435233,-0.3371142178844631,0.0529982137844349,0.5386098656026137,0
267,267,0.0942622950819674,-0.0085294117647058,0.0716238706609605,-0.1139896373056994,-0.1879451332102347,-0.0239753398547781,0.5386098656026137,0
268,268,0.3235753317720531,0.1719117647058823,-0.0665715644317642,0.0051813471502591,0.3534687417567925,0.01728248489584,0.5386098656026137,0
269,269,0.1479313036690086,0.0436764705882352,-0.0441036614360438,-0.0595854922279792,-0.0429965708256396,0.0246719460452045,0.5386098656026137,0
270,270,0.0749414519906325,0.0971323529411764,0.0258559201141227,0.0566709844559585,0.015695067264574,0.1065718071173272,0.5386098656026137,0
271,271,0.0487900078064015,0.0688235294117647,0.1609605325725154,-0.0401554404145077,-0.4209970983909258,0.086250788956575,0.5386098656026137,0
272,272,0.0093676814988293,-0.0101470588235293,-0.0729909652876842,-0.2279792746113989,-0.0841466631495647,0.0234403691869771,0.5386098656026137,0
273,273,0.1299765807962531,0.0730882352941176,-0.0341179267712791,0.0148963730569948,-0.0023740437879187,-0.0307490125750288,0.5386098656026137,0
274,274,-0.0827478532396562,0.0947058823529411,0.1084165477888731,0.2571243523316062,-0.2687945133210234,0.0850192120983475,0.5386098656026137,0
275,275,0.0593286494925841,0.0938235294117647,0.0595577746077032,-0.1437823834196891,-0.1015563175943022,0.0529982137844349,0.5386098656026137,0
276,276,0.3274785323965652,0.1775,-0.0514740846409892,0.0330310880829015,-0.0559219203376417,0.0899455195312572,0.5386098656026137,0
277,277,0.062841530054645,0.0396323529411765,-0.1709462672372801,0.0281735751295337,0.088103402796096,0.196476917767928,0.5386098656026137,0
278,278,0.1370023419203749,0.0472058823529411,-0.089396100808369,0.0259067357512953,0.880242680031654,0.0727034435160735,0.5386098656026137,0
279,279,0.2462919594067136,0.0101470588235294,-0.0282929148834998,0.205958549222798,0.2189395937747297,-0.007349052268708,0.5386098656026137,0
280,280,0.1190476190476192,0.1272794117647058,0.0958749405611033,-0.0544041450777201,-0.2387232920073859,0.0271350997616593,0.5386098656026137,0
281,281,0.0191256830601095,0.0364705882352941,-0.0385164051355206,-0.1068652849740932,-0.050382484832498,0.0012719857388837,0.5386098656026137,0
282,282,0.1276346604215459,0.1189705882352941,0.0219923918212078,-0.1444300518134714,-0.041150092323925,0.0283666766198867,0.5386098656026137,0
283,283,0.1553473848555816,0.1414705882352941,0.0286495482643842,-0.0414507772020724,-0.1830651543128462,0.0357561377692512,0.5386098656026137,0
284,284,0.0645979703356755,0.0130147058823529,-0.1661911554921541,-0.2716968911917098,-0.1188340807174887,0.0813244815236653,0.5386098656026137,0
285,285,0.1955503512880562,0.0999999999999999,0.0274607703281026,-0.2046632124352331,-0.103930361382221,0.0665455592249364,0.5386098656026137,0
286,286,0.1307572209211556,0.0763235294117646,-0.0007132667617687,0.0705958549222798,0.0269058295964125,0.0074298700300208,0.5386098656026137,0
287,287,0.2029664324746292,0.0085294117647058,-0.0888017118402283,-0.0977979274611398,-0.053547876549723,0.0061982931717934,0.5386098656026137,0
288,288,0.160616705698673,0.1223529411764705,0.027757964812173,-0.1308290155440414,-0.2326562912160379,0.0449929642059568,0.5386098656026137,0
289,289,-0.0054644808743166,0.0001470588235294,0.0200903471231574,0.3141191709844559,0.2906884726984965,0.1330507095692165,0.5386098656026137,0
290,290,0.1740827478532397,0.0727941176470588,-0.0359010936757013,-0.0226683937823833,-0.0113426536533895,0.1268928252780795,0.5386098656026137,0
291,291,0.1760343481654958,0.1263235294117647,-0.0332857822158821,-0.1489637305699481,-0.1427064099182273,0.0837876352401201,0.5386098656026137,0
292,292,0.0536690085870415,0.0299264705882353,-0.0348906324298621,0.0352979274611399,-0.2239514639936692,0.1158086335540328,0.5386098656026137,0
293,293,0.1651053864168619,0.0916176470588235,0.0402995720399429,-0.0213730569948186,0.0569770509100501,0.0813244815236653,0.5386098656026137,0
294,294,0.031225604996097,0.0202941176470588,0.0755468378506895,-0.403821243523316,-0.2727512529675547,0.0363719261983649,0.5386098656026137,0
295,295,0.0807962529274007,0.1988235294117646,0.0546837850689491,0.1845854922279793,0.0102875230809812,0.0776297509489831,0.5386098656026137,0
296,296,0.1725214676034349,0.0141176470588235,-0.1279125059438898,0.0984455958549223,0.3107359535742549,0.0628508286502542,0.5386098656026137,0
297,297,0.1547619047619049,0.1027205882352941,-0.1034236804564907,-0.2263601036269429,-0.3299920865207069,0.01728248489584,0.5386098656026137,0
298,298,0.2224824355971897,0.1030882352941176,-0.3183547313361864,-0.0181347150259066,-0.0237404378791875,0.1022612881135313,0.5386098656026137,0
299,299,0.138953942232631,0.0845588235294117,-0.1703518782691394,-0.2817357512953368,-0.0793985755737272,0.0012719857388837,0.5386098656026137,0
