,Unnamed: 0,0,1,2,3,4,5,6,mal
0,0,0.0604996096799378,0.1145588235294117,0.0713266761768901,0.055699481865285,0.0688472698496439,0.0246719460452045,0.5386098656026137,0
1,1,0.2053083528493366,0.0542647058823529,-0.0319186875891583,-0.0398316062176165,0.0088367185439198,0.0246719460452045,0.5386098656026137,0
2,2,0.2064793130366901,0.0608823529411764,-0.0753685211602473,-0.0712435233160621,-0.1150092323925085,-0.0418332042990755,0.5386098656026137,0
3,3,-0.082357533177205,0.0938235294117647,-0.2001902044698051,-0.0168393782383419,0.3450276971775258,-0.0208963977092095,0.5386098656026137,0
4,4,0.0511319281811087,0.0292647058823529,-0.0584878744650499,-0.060880829015544,-0.1318913215510419,0.0468403294932979,0.5386098656026137,0
5,5,0.1770101483216239,0.0840441176470588,0.1141821207798382,-0.3018134715025906,-0.0039567396465312,0.0899455195312572,0.5386098656026137,0
6,6,0.2014051522248244,0.0476470588235294,-0.0580123632905373,-0.2577720207253886,-0.2624637298865734,0.0739350203743009,0.5386098656026137,0
7,7,0.1100702576112414,-0.0280882352941175,-0.0781027104136948,-0.1632124352331606,0.0255869163809021,-0.0147385134180725,0.5386098656026137,0
8,8,0.1572989851678378,0.1362499999999999,0.1370660960532573,0.0803108808290156,0.1403323661303086,0.0228245807578634,0.5386098656026137,0
9,9,0.0936768149882906,0.1183823529411764,-0.1046124583927722,-0.3639896373056994,-0.4078079662358216,0.0431455989186156,0.5386098656026137,0
10,10,0.2451209992193599,0.1248529411764705,0.0040418449833571,-0.4170984455958549,-0.5201793721973094,0.0837876352401201,0.5386098656026137,0
11,11,0.08704137392662,-0.0376470588235293,-0.1117451260104613,-0.3659326424870466,-0.1213400158269585,4.0408880656372936e-05,0.5386098656026137,0
12,12,0.1016783762685404,0.0278676470588235,-0.0116500237755587,-0.1761658031088082,-0.1158005803218148,0.098566557538849,0.5386098656026137,0
13,13,0.1678376268540204,0.1076470588235294,0.1923442700903471,0.2448186528497409,0.0873120548667897,0.0148193311793852,0.5386098656026137,0
14,14,0.2033567525370805,0.0845588235294117,0.1396814075130765,-0.0796632124352331,-0.0305987865998417,0.0074298700300208,0.5386098656026137,0
15,15,0.0421545667447309,0.0573529411764705,0.0487398953875416,0.233160621761658,0.2041677657610129,0.0542297906426623,0.5386098656026137,0
16,16,0.062841530054645,0.0238235294117647,0.0802425106990014,-0.0220207253886009,-0.1078871010287522,-0.0036543216940258,0.5386098656026137,0
17,17,0.1090944574551134,0.0592647058823529,0.0382192106514501,-0.2448186528497409,-0.2666842521762068,0.0456087526350705,0.5386098656026137,0
18,18,0.2170179547228728,0.1029411764705882,-0.0910603899191631,-0.474740932642487,-0.3603270904774465,0.0271350997616593,0.5386098656026137,0
19,19,0.3106947697111633,0.1729411764705882,-0.1283880171184023,0.1625647668393783,0.0276971775257188,0.0529982137844349,0.5386098656026137,0
20,20,0.2318501170960188,0.0367647058823529,0.0193770803613885,-0.1139896373056994,-0.141651279345819,0.01728248489584,0.5386098656026137,0
21,21,0.1319281811085091,0.0872794117647058,-0.0238944365192581,-0.1227331606217616,-0.0956212081245053,0.0412982336312745,0.5386098656026137,0
22,22,0.1276346604215459,0.0391176470588235,-0.0189015691868759,-0.1340673575129533,-0.100764969664996,0.004966716313566,0.5386098656026137,0
23,23,0.1459797033567526,-0.0207352941176469,-0.0234189253447457,-0.4462435233160621,-0.3484568715378527,0.0813244815236653,0.5386098656026137,0
24,24,0.2259953161592506,0.1038970588235294,-0.0113528292914882,-0.0330310880829015,0.0745185966763387,0.1034928649717587,0.5386098656026137,0
25,25,0.0128805620608901,0.0060294117647059,0.1438421302900618,-0.147020725388601,-0.1179108414666314,-0.0098122059851629,0.5386098656026137,0
26,26,0.1424668227946917,0.1285294117647059,0.110794103661436,-0.0569948186528497,-0.4170403587443946,0.1355138632856713,0.5386098656026137,0
27,27,0.0640124902419986,0.0986764705882353,0.1101997146932953,-0.099740932642487,0.0350830915325771,0.0456087526350705,0.5386098656026137,0
28,28,0.1641295862607339,0.0748529411764706,-0.0389324774132192,-0.1998056994818652,-0.1751516750197836,0.1010297112553039,0.5386098656026137,0
29,29,0.138953942232631,0.0185294117647058,-0.1318354731336187,0.0317357512953368,0.069374835135848,0.0837876352401201,0.5386098656026137,0
30,30,0.23224043715847,0.0511764705882352,-0.0411317165953399,-0.3756476683937824,-0.2337114217884463,0.01728248489584,0.5386098656026137,0
31,31,0.1705698672911788,-0.0151470588235293,0.0942700903471231,0.1450777202072539,-0.3983117910841466,0.0098930237464756,0.5386098656026137,0
32,32,0.141881342701015,0.0958823529411764,0.0437470280551594,-0.1732512953367875,-0.0858612503297282,0.0142035427502715,0.5386098656026137,0
33,33,0.0761124121779862,0.0888235294117647,0.0142653352353779,-0.4339378238341969,-0.3729886573463465,-0.0147385134180725,0.5386098656026137,0
34,34,0.0620608899297426,0.0480882352941176,-0.0196148359486448,-0.2674870466321243,-0.289369559482986,0.0209772154705223,0.5386098656026137,0
35,35,0.1733021077283373,0.0267647058823529,-0.0943889681407513,-0.6664507772020726,-0.3740437879187549,0.0800929046654379,0.5386098656026137,0
36,36,0.0917252146760346,0.0345588235294117,-0.0294222539229672,0.0705958549222798,-0.1514112371405961,0.0098930237464756,0.5386098656026137,0
37,37,0.2380952380952382,0.0642647058823529,-0.1389681407513077,-0.4844559585492228,-0.3418623054603007,0.0665455592249364,0.5514462263541109,0
38,38,-0.1241217798594844,0.0999999999999999,-0.1520446980504042,0.1632124352331607,0.2590345555262464,0.0012719857388837,0.5514462263541109,0
39,39,0.0620608899297426,0.0579411764705882,0.1359961959106039,-0.0071243523316061,0.1951991558955421,-0.0208963977092095,0.5514462263541109,0
40,40,0.1701795472287276,0.1228676470588235,-0.0260342368045649,-0.3367875647668393,-0.2550778158797151,0.0259035229034319,0.5514462263541109,0
41,41,0.1612021857923498,0.100735294117647,0.049809795530195,-0.1975388601036269,-0.1005011870218939,0.0369877146274786,0.5514462263541109,0
42,42,0.0807962529274007,0.0516176470588235,0.0632429862101759,0.0459844559585492,0.0266420469533104,0.0308298303363415,0.5514462263541109,0
43,43,0.2687353629976582,0.0747058823529411,-0.2247979077508322,-0.2134067357512953,-0.082036402004748,0.1084191724046683,0.5514462263541109,0
44,44,0.0191256830601095,-0.0283823529411764,0.0480266286257727,-0.3134715025906736,-0.2236876813505671,0.0813244815236653,0.5514462263541109,0
45,45,0.075722092115535,0.1619117647058823,0.0198525915359011,-0.2117875647668393,-0.0817726193616459,0.032061407194569,0.5514462263541109,0
46,46,0.1455893832943014,0.0817647058823529,-0.0532572515454112,-0.1975388601036269,-0.1738327618042732,0.0603876749337994,0.5514462263541109,0
47,47,0.1590554254488681,0.1427205882352941,-0.0536733238231098,0.030440414507772,0.1142178844632023,0.0394508683439334,0.5514462263541109,0
48,48,0.1674473067915691,0.0389705882352941,0.0205658582976699,-0.2325129533678756,-0.0509100501187021,0.0837876352401201,0.5514462263541109,0
49,49,0.0511319281811087,-0.0188235294117646,-0.0007132667617687,-0.324481865284974,-0.125824320759694,0.0493034832097527,0.5514462263541109,0
50,50,0.1330991412958628,0.1855882352941176,-0.0625297194484071,0.0077720207253886,-0.0749142706409917,0.011124600604703,0.5514462263541109,0
51,51,0.0402029664324748,0.0213235294117647,-0.049037089871612,-0.1243523316062175,-0.13545238723292,-0.0381384737243933,0.5514462263541109,0
52,52,0.3064012490241999,0.163235294117647,-0.0105801236329053,-0.2143782383419689,-0.1020838828805064,-0.0147385134180725,0.5514462263541109,0
53,53,0.1748633879781421,-0.0679411764705881,-0.101283880171184,-0.1463730569948186,-0.1434977578475336,-0.0221279745674369,0.5514462263541109,0
54,54,0.1666666666666668,0.0129411764705882,-0.2070256776034237,-0.0556994818652849,0.1285940385122659,0.048687694780639,0.5514462263541109,0
55,55,0.1046057767369245,0.0864705882352941,0.0704945316214931,-0.1496113989637305,-0.1553679767871273,-0.0122753597016177,0.5514462263541109,0
56,56,0.0671350507416083,0.0708823529411764,0.0689491203043272,-0.4449481865284974,-0.4236349248219467,-0.0578437034560318,0.5514462263541109,0
57,57,0.0269320843091337,0.1992647058823529,-0.0592011412268188,-0.2072538860103626,-0.2289633342126087,0.065313982366709,0.5514462263541109,0
58,58,0.1288056206088994,0.0801470588235294,-0.1110912981455065,-0.0932642487046631,0.2028488525455025,0.0942560385350531,0.5514462263541109,0
59,59,0.1420765027322405,0.0930882352941176,-0.0679980979553021,-0.0900259067357512,-0.0849380110788709,0.1687664384578114,0.5514462263541109,0
60,60,0.0437158469945357,0.0086764705882352,-0.1107941036614361,-0.3458549222797927,-0.3139013452914798,0.0394508683439334,0.5514462263541109,0
61,61,0.0827478532396567,0.1429411764705882,0.1330242510699001,-0.2577720207253886,-0.2184120284885254,0.0086614468882482,0.5514462263541109,0
62,62,0.0833333333333335,0.0208823529411764,-0.0392891107941036,-0.1036269430051813,-0.1218675811131627,0.0117403890338167,0.5514462263541109,0
63,63,0.2252146760343482,0.1910294117647058,0.0091535901093675,-0.4054404145077719,-0.2366130308625692,-0.0110437828433903,0.5514462263541109,0
64,64,0.2439500390320063,0.0452941176470588,0.0809557774607702,-0.3957253886010362,-0.2545502505935109,0.0283666766198867,0.5514462263541109,0
65,65,-0.0402029664324743,-0.0324999999999999,0.0123632905373276,-0.0077720207253885,0.0263782643102084,0.0074298700300208,0.5514462263541109,0
66,66,0.1742779078844654,0.0769117647058823,0.0460057061340941,-0.0812823834196891,-0.1434977578475336,0.0259035229034319,0.5514462263541109,0
67,67,0.1850117096018736,0.0742647058823529,-0.0273418925344746,-0.0427461139896372,0.0081772619361646,0.0665455592249364,0.5514462263541109,0
68,68,0.2263856362217018,0.0501470588235294,-0.089396100808369,-0.0550518134715025,-0.0519651806911105,0.0369877146274786,0.5514462263541109,0
69,69,-0.0029274004683838,0.0506617647058823,-0.1342724679029958,0.0832253886010363,0.0826958586125032,0.0025035625971111,0.5514462263541109,0
70,70,-0.2056986729117874,0.0386764705882352,-0.2897051830718023,0.4980569948186528,-0.0733315747823792,0.0394508683439334,0.5514462263541109,0
71,71,0.0101483216237317,0.1399999999999999,-0.0848787446504993,0.0200777202072539,0.0089686098654708,0.0308298303363415,0.5514462263541109,0
72,72,0.0148321623731462,0.1126470588235294,0.1969805040418449,0.0110103626943005,-0.1925613294645212,0.1441349012932632,0.5514462263541109,0
73,73,0.1557377049180329,0.0199264705882352,0.0674631478839753,-0.3044041450777202,-0.2619361646003693,0.0178982733249538,0.5514462263541109,0
74,74,0.3227946916471507,0.1091176470588235,-0.0958155016642892,-0.2603626943005181,-0.23292007385914,0.0788613278072105,0.5514462263541109,0
75,75,0.2689305230288837,0.0964705882352941,-0.0341179267712791,-0.1327720207253885,-0.2323925085729359,0.0271350997616593,0.5514462263541109,0
76,76,-0.0620608899297421,0.0566176470588235,0.125772705658583,-0.0427461139896372,-0.091532577156423,0.0825560583818927,0.5514462263541109,0
77,77,0.0099531615925061,0.0525735294117647,0.0138492629576796,-0.2344559585492228,-0.1824056977050909,0.0807086930945516,0.5514462263541109,0
78,78,0.1174863387978144,0.0860294117647058,-0.2410841654778888,-0.2033678756476683,-0.1142178844632023,-0.0479910885902125,0.5514462263541109,0
79,79,0.2181889149102264,0.0626470588235294,-0.0118877793628149,-0.1683937823834196,-0.0174096544447375,0.0640824055084816,0.5514462263541109,0
80,80,0.1978922716627635,0.0154411764705882,0.0367332382310984,-0.3782383419689119,-0.5586916380902136,-0.0110437828433903,0.5514462263541109,0
81,81,0.1096799375487902,0.1148529411764705,0.0314431764146457,-0.1139896373056994,-0.1798997625956211,0.0117403890338167,0.5514462263541109,0
82,82,-0.0074160811865727,0.0691176470588235,0.0029719448407037,0.1405440414507772,0.1128989712476919,0.065313982366709,0.5514462263541109,0
83,83,0.1658860265417643,-0.0301470588235293,-0.0450546837850689,-0.1722797927461139,-0.0823001846478501,0.0887139426730298,0.5514462263541109,0
84,84,0.0987509758001564,0.0547794117647058,0.0045173561578696,-0.192681347150259,-0.276839883935637,-0.0418332042990755,0.5514462263541109,0
85,85,-0.0741608118657296,-0.0245588235294117,-0.0645506419400857,-0.1936528497409326,-0.2474281192297546,-0.0381384737243933,0.5514462263541109,0
86,86,0.2583918813427011,0.0138235294117647,-0.0696623870660961,-0.1761658031088082,-0.2389870746504879,-0.0590752803142592,0.5514462263541109,0
87,87,0.1147540983606559,0.1520588235294117,-0.0278174037089871,0.180699481865285,-0.4370878396201529,0.0911770963894846,0.5514462263541109,0
88,88,0.0530835284933648,0.0566176470588235,0.0536733238231098,-0.1602979274611398,0.0022421524663677,0.0456087526350705,0.5514462263541109,0
89,89,0.0515222482435599,0.1475,-0.001664289110794,-0.3044041450777202,-0.2600896860986547,0.0628508286502542,0.5514462263541109,0
90,90,-0.0050741608118654,0.135735294117647,-0.0676414645744176,0.2823834196891192,0.3389606963861779,0.0739350203743009,0.5514462263541109,0
91,91,0.133489461358314,-0.0013235294117646,0.0323347598668568,-0.3361398963730569,-0.3605908731205486,0.0209772154705223,0.5514462263541109,0
92,92,0.1416861826697893,0.0824264705882353,-0.0227650974797907,-0.0463082901554403,-0.1539171722500659,0.0573087327882308,0.5514462263541109,0
93,93,0.1487119437939111,0.0720588235294117,-0.1934141702330005,-0.3367875647668393,-0.3094170403587444,0.0677771360831638,0.5514462263541109,0
94,94,0.0858704137392664,0.0052941176470588,0.0373276271992392,-0.0505181347150258,0.0730677921392772,0.0936402501059394,0.5514462263541109,0
95,95,0.195160031225605,-0.0257352941176469,-0.0379220161673799,-0.0615284974093263,-0.0110788710102874,0.0135877543211578,0.5514462263541109,0
96,96,0.0501561280249806,0.0975735294117647,0.0634213029006182,0.0450129533678757,-0.0051437615404906,0.0259035229034319,0.5514462263541109,0
97,97,0.1440281030444965,0.0638235294117647,0.0351878269139325,-0.060880829015544,-0.2806647322606172,0.0505350600679801,0.5514462263541109,0
98,98,0.2138953942232631,0.1779411764705882,-0.0953399904897766,0.2053108808290156,0.440253231337378,0.0751665972325283,0.5514462263541109,0
99,99,0.222872755659641,0.0610294117647058,0.029303376129339,-0.4242227979274611,-0.3326299129517277,0.0222087923287497,0.5514462263541109,0
100,100,0.0897736143637785,0.0711764705882352,-0.0526628625772706,0.2538860103626943,0.2437351622263255,0.1022612881135313,0.5514462263541109,0
101,101,0.343871975019516,0.0666176470588235,-0.0572990965287684,-0.1152849740932642,0.0337641783170667,-0.0172016671345273,0.5514462263541109,0
102,102,0.0113192818110853,0.1388235294117646,0.0601521635758439,-0.1489637305699481,-0.176206805592192,0.0209772154705223,0.5514462263541109,0
103,103,0.1608118657298986,0.0344117647058823,-0.0139681407513075,-0.3769430051813471,-0.4945924558164072,0.0135877543211578,0.5514462263541109,0
104,104,0.1904761904761905,0.1045588235294117,0.1334997622444128,-0.0226683937823833,0.4858876285940385,-0.0713910488965333,0.5514462263541109,0
105,105,0.0452771272443406,-0.0172058823529411,-0.0405373276271992,0.25,0.2469005539435506,0.1318191327109891,0.5514462263541109,0
106,106,0.0796252927400471,0.0219117647058823,-0.1446742748454589,-0.1722797927461139,-0.1374307570561856,0.0295982534781141,0.5514462263541109,0
107,107,0.1069476971116318,0.0538235294117647,-0.0028530670470756,-0.4294041450777202,-0.2949089949881297,0.0948718269641668,0.5514462263541109,0
108,108,0.1252927400468386,0.0924999999999999,-0.0519495958155016,-0.1742227979274611,-0.2653653389606963,-0.0036543216940258,0.5514462263541109,0
109,109,0.1881342701014833,-0.0173529411764705,0.1243461721350451,-0.1003886010362694,-0.3318385650224215,0.0394508683439334,0.5514462263541109,0
110,110,0.2794691647150664,0.1123529411764705,-0.02056585829767,-0.1560880829015543,0.2213136375626484,0.0123561774629304,0.5514462263541109,0
111,111,0.185792349726776,0.09,-0.0169995244888254,-0.206282383419689,-0.1175151675019783,0.0566929443591171,0.5514462263541109,0
112,112,0.1893052302888369,0.0672058823529411,0.0466000951022349,0.0323834196891192,-0.0258506990240041,0.0505350600679801,0.5514462263541109,0
113,113,0.1576893052302889,0.1176470588235293,0.0297194484070375,-0.2772020725388601,-0.3721973094170403,0.065313982366709,0.5514462263541109,0
114,114,-0.0382513661202183,-0.0370588235294117,0.0009510223490251,0.0116580310880829,0.2244790292798734,-0.0307490125750288,0.5514462263541109,0
115,115,0.1346604215456676,0.0797794117647058,0.0011293390394675,-0.1683937823834196,-0.1835927195990503,-0.0153543018471862,0.5514462263541109,0
116,116,0.1202185792349729,0.0597058823529411,-0.2277698525915359,-0.1107512953367875,-0.0131891321551041,0.0197456386122949,0.5514462263541109,0
117,117,0.1647150663544107,0.0738235294117647,-0.085354255825012,-0.5330310880829016,-0.5011870218939594,0.0025035625971111,0.5514462263541109,0
118,118,0.0913348946135833,-0.0399999999999999,0.0124821683309557,-0.4430051813471502,-0.3695594829860195,0.0517666369262075,0.5514462263541109,0
119,119,0.2291178766588603,0.0825735294117647,-0.0511768901569187,-0.106541450777202,-0.0643629649169084,0.0646981939375953,0.5514462263541109,0
120,120,0.0640124902419986,0.0574999999999999,-0.1378982406086544,0.0116580310880829,-0.1147454497494064,0.0246719460452045,0.5514462263541109,0
121,121,0.131537861046058,0.0930882352941176,-0.0040418449833571,-0.0161917098445595,-0.22025850699024,-0.001191167977571,0.5514462263541109,0
122,122,0.0241998438719752,0.010735294117647,0.0393485496909177,-0.4216321243523315,-0.3940912687945133,-0.0221279745674369,0.5514462263541109,0
123,123,0.1424668227946918,0.1188970588235294,0.137719923918212,0.0492227979274611,0.0923239250857293,0.0708560782287323,0.5514462263541109,0
124,124,0.2400468384074942,0.0777941176470588,0.0505230622919639,0.1088082901554404,-0.2574518596676338,0.1010297112553039,0.5514462263541109,0
125,125,0.1791569086651054,0.0654411764705882,-0.0574179743223965,-0.0518134715025906,-0.4603007122131363,0.1552190930173099,0.5514462263541109,0
126,126,0.2027712724434036,0.05375,-0.0455301949595814,-0.3273963730569947,-0.0898179899762595,0.0012719857388837,0.5514462263541109,0
127,127,0.1561280249804841,0.0347058823529411,0.0587256300523063,-0.2610103626943005,-0.921656554998681,0.1084191724046683,0.5514462263541109,0
128,128,0.1225604996096802,0.0402941176470588,-0.2938659058487876,0.2577720207253886,0.3510946979688737,0.0788613278072105,0.5514462263541109,0
129,129,0.29352068696331,0.0411764705882352,0.0311459819305753,-0.4339378238341969,-0.0970720126615668,0.0185140617540675,0.5514462263541109,0
130,130,0.0119047619047621,0.0952941176470588,0.0127793628150262,0.0314119170984455,-0.0660775520970719,-0.0030385332649121,0.5514462263541109,0
131,131,-0.0472287275565961,0.0688235294117647,-0.1535901093675702,-0.0233160621761657,-0.3099446056449485,0.0677771360831638,0.5514462263541109,0
132,132,0.1081186572989854,0.0517647058823529,0.2617689015691867,-0.2189119170984455,-0.1078871010287522,0.0234403691869771,0.5514462263541109,0
133,133,0.09992193598751,0.1052941176470588,-0.0663338088445079,-0.4417098445595854,-0.2532313373780005,0.0234403691869771,0.5514462263541109,0
134,134,0.1373926619828261,0.0230147058823529,0.0410128388017119,-0.0689766839378238,-0.0197836982326562,0.0733192319451872,0.5514462263541109,0
135,135,0.0620608899297426,0.0569117647058823,-0.0408939610080837,0.1457253886010363,0.2305460300712213,0.011124600604703,0.5514462263541109,0
136,136,0.239656518345043,0.1517647058823529,0.0329291488349976,-0.363341968911917,-0.2065418095489316,0.0259035229034319,0.5514462263541109,0
137,137,-0.0394223263075719,-0.0182352941176469,-0.2628388017118403,0.0563471502590674,-0.3181218675811131,0.065313982366709,0.5514462263541109,0
138,138,0.1887197501951601,-0.0202941176470587,-0.1931764146457442,-0.4925518134715026,-0.3079662358216829,-0.1656066785509301,0.5514462263541109,0
139,139,0.1530054644808744,0.023235294117647,-0.0657394198763671,-0.0472797927461139,0.0073859140068583,-0.2228750024585046,0.5514462263541109,0
140,140,0.016393442622951,0.0820588235294117,0.2414407988587732,0.2700777202072539,-0.2690582959641255,-0.2068645033015483,0.5514462263541109,0
141,141,0.1660811865729899,0.0029411764705882,0.0201497860199715,-0.1505829015544041,-0.157478237931944,-0.3250958816913796,0.5514462263541109,0
142,142,0.1803278688524591,0.0688235294117647,-0.0682358535425583,-0.6424870466321244,-0.0451068319704563,-0.2610538850635543,0.5514462263541109,0
143,143,0.0464480874316942,-0.0076470588235293,-0.0489776509747978,0.2085492227979275,-0.2999208652070693,-0.0750857794712155,0.5514462263541109,0
144,144,0.202576112412178,0.0623529411764705,0.0582501188777935,-0.3069948186528497,-0.5584278554471116,-0.088633124911717,0.5514462263541109,0
145,145,0.1656908665105388,-0.0191176470588235,0.0561103185924869,-0.0906735751295336,0.0509100501187022,-0.0104279944142766,0.5514462263541109,0
146,146,0.2283372365339579,0.0164705882352941,0.0049928673323824,0.0187823834196891,-0.2479556845159588,0.0369877146274786,0.5514462263541109,0
147,147,0.0519125683060111,-0.0844117647058823,-0.1010461245839278,-0.2908031088082901,-0.339752044315484,-0.034443743149711,0.5514462263541109,0
148,148,0.0585480093676817,-0.0447058823529411,0.1853304802662861,-0.1658031088082901,0.2527037720917964,-0.1034120472104459,0.5514462263541109,0
149,149,0.1223653395784546,-0.0034558823529411,-0.0303138373751782,-0.2687823834196891,-0.2529675547348984,-0.147133025677519,0.5514462263541109,0
150,150,-0.0698672911787663,-0.0094117647058822,0.1033048026628625,0.2422279792746114,0.1034027960960169,-0.1403593529572682,0.5514462263541109,0
151,151,0.0768930523028886,0.0516176470588235,0.0141464574417499,0.2409326424870466,0.1081508836718544,-0.0479910885902125,0.5514462263541109,0
152,152,0.1139734582357535,0.0269117647058823,-0.1053257251545412,-0.2046632124352331,-0.264310208388288,0.0148193311793852,0.5514462263541109,0
153,153,0.1846213895394224,0.0572794117647058,-0.0949833571088921,-0.1716321243523315,-0.0772883144289105,0.0480719063515253,0.5514462263541109,0
154,154,0.1514441842310695,0.0392647058823529,-0.1022349025202093,-0.2603626943005181,-0.2461092060142442,0.1047244418299861,0.5514462263541109,0
155,155,0.2388758782201406,-0.065735294117647,-0.0089158345221113,-0.2726683937823834,-0.3497757847533632,0.0850192120983475,0.5514462263541109,0
156,156,0.1350507416081189,-0.0577941176470587,-0.1235140275796481,-0.1483160621761657,0.0706937483513585,-0.0147385134180725,0.5514462263541109,0
157,157,0.1022638563622172,-0.0488970588235293,-0.0426176890156919,-0.1104274611398963,-0.1089422316011606,0.0129719658920441,0.5514462263541109,0
158,158,0.0550351288056208,-0.0197058823529411,-0.2093437945791726,0.1288860103626943,0.2120812450540755,-0.0972541629193089,0.5514462263541109,0
159,159,0.1272443403590947,0.0041176470588235,0.1399191631003329,-0.6243523316062176,-0.8818253758902664,-0.0406016274408481,0.5514462263541109,0
160,160,0.0815768930523031,0.03125,0.1299928673323823,-0.2869170984455958,-0.1057768398839356,-0.0486068770193262,0.5514462263541109,0
161,161,0.1217798594847777,0.0773529411764705,0.0090347123157394,0.1910621761658031,0.0896860986547085,0.044377175776843,0.5514462263541109,0
162,162,0.0308352849336458,-0.0027941176470587,-0.3138373751783168,0.3024611398963731,-0.1822738063835399,0.1946295524805869,0.5514462263541109,0
163,163,0.1651053864168619,-0.0101470588235293,-0.2036376604850214,-0.3147668393782383,-0.1930888947507253,0.0603876749337994,0.5514462263541109,0
164,164,0.0649882903981267,-0.0220588235294117,-0.0084997622444127,0.1181994818652849,-0.0030335003956739,0.1010297112553039,0.5514462263541109,0
165,165,0.0909445745511322,-0.0555882352941175,0.0599144079885877,-0.0556994818652849,-0.2569242943814297,-0.0098122059851629,0.5514462263541109,0
166,166,0.0811865729898519,0.0127941176470588,0.0315026153114598,-0.1768134715025906,-0.1266156686890002,-0.0541489728813496,0.5514462263541109,0
167,167,0.1046057767369245,-0.0116176470588234,0.071207798383262,-0.2506476683937824,-0.1725138485887628,-0.0147385134180725,0.5514462263541109,0
168,168,0.0663544106167058,-0.0490441176470587,0.100511174512601,-0.1146373056994818,-0.1904510683197045,-0.0289016472876877,0.5514462263541109,0
169,169,-0.011709601873536,0.0341176470588235,0.0034474560152163,0.0595854922279793,-0.0509100501187021,0.0222087923287497,0.5514462263541109,0
170,170,0.0964090554254491,0.0269117647058823,0.0095102234902521,-0.0479274611398963,-0.1081508836718543,0.0554613675008897,0.5514462263541109,0
171,171,0.1748633879781421,0.018235294117647,0.0445791726105563,-0.3866580310880829,-0.3758902664204695,0.1084191724046683,0.5514462263541109,0
172,172,0.1069476971116318,-0.0020588235294117,-0.0697218259629102,-0.2059585492227979,-0.2182801371669744,0.0844034236692338,0.5514462263541109,0
173,173,0.1865729898516784,0.0620588235294117,-0.0876129339039468,0.0712435233160622,-0.1028752308098126,0.1034928649717587,0.5514462263541109,0
174,174,-0.0156128024980481,-0.0647058823529411,-0.1140038040893962,0.0148963730569948,0.1347929306251649,0.0677771360831638,0.5514462263541109,0
175,175,-0.0407884465261511,-0.0186029411764705,0.0020209224916786,0.0453367875647668,0.0647586388815615,-0.0239753398547781,0.5514462263541109,0
176,176,0.0160031225604998,0.0005882352941177,-0.0230622919638613,-0.1923575129533678,-0.1556317594302294,0.0345245609110238,0.5514462263541109,0
177,177,-0.0807962529274002,0.043235294117647,0.0691868758915835,0.4404145077720207,0.3181218675811132,0.044377175776843,0.5514462263541109,0
178,178,0.1014832162373148,0.0163235294117647,0.1180456490727531,0.0524611398963731,-0.2785544711158005,0.0788613278072105,0.5514462263541109,0
179,179,0.2380952380952382,-0.0188970588235293,0.0316214931050879,-0.2351036269430051,-0.0058032181482458,0.0573087327882308,0.5514462263541109,0
180,180,0.2338017174082748,-0.028970588235294,0.0253209700427959,-0.035621761658031,-0.0646267475600105,0.0800929046654379,0.5514462263541109,0
181,181,0.0448868071818894,0.0002941176470588,0.0605087969567286,0.1049222797927461,-0.2134001582695858,0.1355138632856713,0.5514462263541109,0
182,182,0.062841530054645,0.0129411764705882,0.0209224916785544,-0.0498704663212434,0.2619361646003694,0.0493034832097527,0.5514462263541109,0
183,183,0.1440281030444966,-0.0153676470588234,-0.1134688540180695,-0.15220207253886,-0.0881034027960959,0.1084191724046683,0.5514462263541109,0
184,184,0.1299765807962531,0.0266176470588235,-0.0548026628625772,-0.2072538860103626,-0.1347929306251648,-0.0024227448357984,0.5514462263541109,0
185,185,0.0136612021857926,-0.0038235294117646,-0.038040893961008,0.1327720207253886,-0.0139804800844104,0.0554613675008897,0.5514462263541109,0
186,186,0.0874316939890713,-0.0197058823529411,-0.0740608654303376,-0.3154145077720207,-0.0498549195462938,-0.0036543216940258,0.5514462263541109,0
187,187,0.0402029664324748,0.0533088235294117,-0.0246077032810271,-0.2545336787564766,-0.1136903191769981,0.081940269952779,0.5514462263541109,0
188,188,0.2634660421545668,-0.0097058823529411,-0.0959343794579173,-0.0634715025906735,0.0582959641255605,0.0911770963894846,0.5514462263541109,0
189,189,0.1682279469164715,-0.0398529411764705,-0.0833333333333334,-0.0595854922279792,0.0092323925085729,0.1453664781514906,0.5514462263541109,0
190,190,0.1871584699453553,-0.0251470588235294,0.0058844507845934,-0.0667098445595854,0.0394355051437615,0.075782385661642,0.5514462263541109,0
191,191,0.1053864168618269,-0.0824999999999999,0.0086780789348549,-0.3141191709844559,-0.2793458190451068,-0.0516858191648948,0.5514462263541109,0
192,192,0.1186572989851681,-0.0130882352941175,0.0745363766048502,0.2227979274611399,0.1606436296491691,-0.0652331646053963,0.5514462263541109,0
193,193,0.2142857142857143,0.0761764705882352,0.011055634807418,-0.0615284974093263,-0.3028224742811922,0.01728248489584,0.5514462263541109,0
194,194,0.1545667447306793,-0.0141911764705881,0.0220518307180219,-0.3031088082901554,-0.3170667370087048,0.0412982336312745,0.5514462263541109,0
195,195,0.0042935206869635,-0.0460294117647058,-0.0318592486923443,0.3270725388601036,0.1403323661303086,0.0185140617540675,0.5514462263541109,0
196,196,0.0858704137392664,0.0038235294117647,0.0662149310508798,-0.0822538860103626,-0.0026378264310208,-0.0196648208509821,0.5514462263541109,0
197,197,-0.0854800936768147,-0.0182352941176469,0.1449120304327151,-0.1496113989637305,-0.0728040094961751,-0.0184332439927547,0.5514462263541109,0
198,198,0.0663544106167059,0.0276470588235294,0.0805991440798858,-0.1214378238341968,-0.1404642574518596,-0.0085806291269354,0.5514462263541109,0
199,199,0.0589383294301329,0.0425,-0.0455301949595814,-0.02720207253886,-0.4014771828013716,0.0406824452021608,0.5514462263541109,0
200,200,0.0640124902419986,0.0520588235294117,-0.0744174988112221,-0.0628238341968911,0.1002374043787918,0.0369877146274786,0.5514462263541109,0
201,201,0.0694769711163156,0.0625,-0.1024726581074655,0.0731865284974093,-0.0247955684515958,0.0788613278072105,0.5514462263541109,0
202,202,0.2092115534738486,-0.041470588235294,-0.1165596766524014,-0.1162564766839377,-0.3036138222104985,0.152755939300855,0.5514462263541109,0
203,203,0.1377829820452774,-0.0433823529411764,0.0747741321921064,-0.2713730569948186,-0.078871010287523,0.0160509080376126,0.5514462263541109,0
204,204,0.1854020296643248,-0.0149999999999999,-0.0596766524013314,-0.1651554404145077,-0.0590873120548667,-0.0085806291269354,0.5514462263541109,0
205,205,0.1161202185792351,-0.0094117647058822,0.0207441749881123,-0.1007124352331605,-0.1607755209707201,-0.0239753398547781,0.5514462263541109,0
206,206,0.0507416081186575,0.0026470588235294,-0.0596766524013314,-0.1437823834196891,0.1896597203903983,-0.0406016274408481,0.5514462263541109,0
207,207,0.1112412177985951,0.0198529411764705,0.0256776034236804,-0.2130829015544041,-0.1706673700870482,0.0185140617540675,0.5514462263541109,0
208,208,0.161592505854801,0.0626470588235294,0.0041607227769852,0.0097150259067357,-0.0960168820891585,0.0566929443591171,0.5514462263541109,0
209,209,0.1012880562060891,-0.0070588235294117,-0.0533761293390395,-0.1829663212435233,-0.1553679767871273,0.0671613476540501,0.5514462263541109,0
210,210,0.2185792349726776,0.0094117647058823,0.1790299572039942,-0.2661917098445595,-0.0493273542600896,-0.0110437828433903,0.5514462263541109,0
211,211,0.0093676814988293,-0.0058823529411764,-0.0136709462672373,-0.0395077720207253,-0.1469269322078607,0.0234403691869771,0.5514462263541109,0
212,212,0.0792349726775958,0.0610294117647058,-0.0354255825011887,0.0284974093264248,-0.1899235030335003,0.0751665972325283,0.5514462263541109,0
213,213,0.2775175644028104,-0.0361029411764705,-0.1069900142653353,-0.2082253886010362,-0.0457662885782115,0.0222087923287497,0.5514462263541109,0
214,214,0.2451209992193599,-0.0179411764705881,-0.0448169281978126,0.0019430051813471,0.0424690055394355,0.0628508286502542,0.5514462263541109,0
215,215,0.0878220140515225,-0.0097058823529411,0.1282691393247741,-0.1398963730569948,-0.0962806647322605,0.0209772154705223,0.5514462263541109,0
216,216,0.1537861046057768,0.0177941176470588,0.0612220637184973,-0.1819948186528497,-0.2366130308625692,0.0061982931717934,0.5514462263541109,0
217,217,0.0858704137392664,-0.0179411764705881,0.0796481217308606,-0.020401554404145,-0.1566868900026378,0.0474561179224116,0.5514462263541109,0
218,218,0.1935987509758002,0.0305882352941176,-0.2049453162149311,-0.1936528497409326,-0.1068319704563439,0.0197456386122949,0.5514462263541109,0
219,219,0.1022638563622172,0.0030882352941177,-0.1104374702805516,-0.1761658031088082,-0.1387496702716961,0.1121139029793505,0.5514462263541109,0
220,220,0.1688134270101484,-0.0405147058823528,-0.0194959581550167,-0.1803756476683937,-0.1524663677130044,0.01728248489584,0.5514462263541109,0
221,221,0.0109289617486341,-0.0449999999999999,0.0834522111269614,-0.0388601036269429,-0.0514376154049063,-0.0172016671345273,0.5514462263541109,0
222,222,0.0464480874316942,0.0561764705882352,-0.0241321921065145,-0.0647668393782383,-0.0875758375098918,0.0406824452021608,0.5514462263541109,0
223,223,0.1198282591725217,0.0338235294117647,-0.1288635282929149,0.1431347150259068,-0.0258506990240041,0.0997981343970765,0.5514462263541109,0
224,224,0.1332943013270884,0.0147794117647059,-0.099679029957204,-0.1784326424870466,-0.1570825639672909,0.0603876749337994,0.5514462263541109,0
225,225,0.2224824355971897,-0.0283823529411764,0.0655016642891108,-0.3082901554404145,-0.1798997625956211,0.0788613278072105,0.5514462263541109,0
226,226,0.1295862607338019,-0.0073529411764705,0.0999762244412743,-0.1735751295336787,-0.1601160643629648,0.044377175776843,0.5514462263541109,0
227,227,0.0007806401249026,-0.013970588235294,-0.1023537803138374,-0.0939119170984455,0.1266156686890003,-0.0467595117319851,0.5514462263541109,0
228,228,0.1528103044496488,0.01125,-0.0863052781740372,-0.1418393782383419,-0.1245054075441835,0.0708560782287323,0.5514462263541109,0
229,229,0.1120218579234975,-0.0961764705882352,-0.0035663338088444,-0.2072538860103626,-0.0939066209443418,0.01728248489584,0.5514462263541109,0
230,230,0.0241998438719752,0.0020588235294118,0.0145030908226343,0.133419689119171,0.1798997625956212,-0.0319805894332562,0.5514462263541109,0
231,231,-0.0320062451209989,0.0801470588235294,0.0716833095577744,0.0874352331606218,0.0862569242943814,-0.0048858985522532,0.5514462263541109,0
232,232,0.0782591725214678,0.0560294117647058,-0.041904422253923,-0.0731865284974092,-0.1913743075705618,0.0246719460452045,0.5514462263541109,0
233,233,0.0862607338017176,0.0041176470588235,0.1137660485021397,-0.2325129533678756,-0.1595884990767607,0.038219291485706,0.5514462263541109,0
234,234,0.1206088992974241,-0.0422058823529411,0.0022586780789348,-0.1632124352331606,-0.207860722764442,0.044377175776843,0.5514462263541109,0
235,235,0.1188524590163936,0.0231617647058823,0.1072872087494056,-0.1055699481865284,-0.2104985491954629,0.102877076542645,0.5514462263541109,0
236,236,0.1604215456674474,-0.0102941176470587,-0.1626248216833096,-0.2603626943005181,-0.2186758111316275,0.059156098075572,0.5514462263541109,0
237,237,0.3274785323965652,0.0276470588235294,0.070375653827865,-0.216321243523316,-0.1643365866525982,0.0690087129413912,0.5514462263541109,0
238,238,0.2630757220921156,-0.0488235294117646,-0.0273418925344746,0.0058290155440414,-0.0152993932999208,0.0369877146274786,0.5514462263541109,0
239,239,0.1305620608899299,-0.0128676470588234,0.0062410841654779,-0.1534974093264248,-0.0171458718016354,0.0283666766198867,0.5514462263541109,0
240,240,0.0456674473067918,-0.011470588235294,-0.0357822158820732,0.2156735751295337,0.1638090213663941,-0.0024227448357984,0.5514462263541109,0
241,241,0.0199063231850119,0.0235294117647058,-0.1005706134094152,-0.010362694300518,-0.0551305724083355,0.0332929840527964,0.5514462263541109,0
242,242,-0.0530835284933643,-0.0866176470588235,-0.1531145981930575,0.1813471502590674,0.1915061988921129,0.0431455989186156,0.5514462263541109,0
243,243,0.0751366120218581,-0.0221323529411764,-0.0238944365192581,-0.1573834196891191,-0.163677130044843,0.0123561774629304,0.5514462263541109,0
244,244,0.0819672131147543,-0.0063235294117646,0.0299572039942939,-0.3575129533678756,-0.2331838565022421,-0.0664647414636236,0.5514462263541109,0
245,245,0.0081967213114756,0.0854411764705882,-0.0153352353780313,0.3387305699481865,0.1846478501714587,0.065313982366709,0.5514462263541109,0
246,246,0.0858704137392664,-0.063235294117647,-0.0077270565858297,0.1768134715025907,0.2060142442627275,0.0025035625971111,0.5514462263541109,0
247,247,0.1321233411397347,0.0210294117647059,-0.0199120304327151,-0.2056347150259067,-0.176338696913743,0.0055825047426797,0.5514462263541109,0
248,248,0.1264637002341923,0.0077941176470588,-0.0174750356633382,-0.2953367875647668,-0.2136639409126879,0.0911770963894846,0.5514462263541109,0
249,249,0.2958626073380173,-0.0173529411764705,-0.0243699476937708,-0.1003886010362694,-0.0902136639409126,0.0887139426730298,0.5514462263541109,0
250,250,0.0997267759562844,-0.0980147058823529,0.014205896338564,-0.1143134715025906,-0.1477182801371669,0.0068140816009071,0.5514462263541109,0
251,251,-0.0105386416861824,0.0002941176470588,0.0823823109843081,-0.1398963730569948,-0.1580058032181482,-0.0492226654484399,0.5514462263541109,0
252,252,0.0979703356752539,0.0338235294117647,-0.0079648121730859,-0.1288860103626942,-0.179372197309417,-0.0172016671345273,0.5514462263541109,0
253,253,0.286104605776737,-0.0127941176470587,-0.2207560627674751,-0.1625647668393782,-0.1136903191769981,0.011124600604703,0.5514462263541109,0
254,254,0.2652224824355973,0.0100735294117647,-0.1632192106514504,-0.2130829015544041,-0.1903191769981534,0.0917928848185983,0.5514462263541109,0
255,255,-0.0039032006245118,-0.0160294117647058,-0.1205420827389444,-0.0071243523316061,0.1184384067528356,0.092408673247712,0.5514462263541109,0
256,256,0.0167837626854022,-0.0792647058823529,0.0587256300523063,-0.1534974093264248,-0.1796359799525191,0.0776297509489831,0.5514462263541109,0
257,257,-0.1135831381733019,-0.1436764705882353,0.0675225867807892,-0.2357512953367875,0.069374835135848,-0.061538434030714,0.5514462263541109,0
258,258,0.0686963309914132,0.0673529411764705,0.1585829766999524,-0.1865284974093264,-0.1519388024268003,-0.0849383943370348,0.5514462263541109,0
259,259,0.047033567525371,0.0327205882352941,-0.0728126485972421,0.0790155440414507,-0.3516222632550778,0.0135877543211578,0.5514462263541109,0
260,260,0.2201405152224825,0.080735294117647,-0.012006657156443,-0.3659326424870466,-0.3613822210498549,0.1158086335540328,0.5514462263541109,0
261,261,0.0987509758001564,-0.0497058823529411,0.1928197812648596,-0.0816062176165803,0.0332366130308625,0.0800929046654379,0.5514462263541109,0
262,262,0.1170960187353631,-0.0229411764705881,0.0797075606276747,0.2049870466321243,-0.1151411237140595,0.1619927657375606,0.5514462263541109,0
263,263,0.1978922716627635,0.005,0.0898716119828816,-0.3121761658031088,-0.1466631495647586,-0.0135069365598451,0.5514462263541109,0
264,264,0.1518345042935207,-0.060735294117647,-0.1717784117926772,-0.1418393782383419,0.2244790292798734,-0.0233595514256644,0.5514462263541109,0
265,265,0.1818891491022639,-0.0323529411764705,-0.0992629576795055,-0.3082901554404145,-0.1893959377472962,0.044377175776843,0.5514462263541109,0
266,266,0.0962138953942234,-0.010220588235294,-0.0888017118402283,0.1340673575129534,0.0579002901609073,0.0763981740907557,0.5514462263541109,0
267,267,-0.0300546448087429,-0.0267647058823528,-0.0139087018544937,-0.1282383419689119,-0.1152730150356106,0.059156098075572,0.5514462263541109,0
268,268,0.092505854800937,-0.0160294117647058,0.007964812173086,0.1269430051813472,-0.0213663940912687,0.065313982366709,0.5514462263541109,0
269,269,-0.0366900858704134,0.0145588235294117,0.1106752258678078,0.0867875647668394,0.0670007913479293,0.092408673247712,0.5514462263541109,0
270,270,0.0599141295862609,0.0285294117647058,-0.0686519258202568,0.1194948186528497,0.0096280664732261,0.2543610301046163,0.5514462263541109,0
271,271,0.1385636221701798,0.0902941176470588,-0.0128388017118402,-0.2072538860103626,-0.173305196518069,0.3707450432071065,0.5514462263541109,0
272,272,0.0382513661202188,-0.1113235294117647,-0.0615786970993819,-0.0537564766839377,0.0218939593774729,0.1995558599134966,0.5514462263541109,0
273,273,0.1151444184231072,-0.0610294117647058,-0.0464812173086068,-0.2448186528497409,-0.1223951463993669,0.1256612484198521,0.5514462263541109,0
274,274,0.2632708821233412,-0.0175735294117646,-0.1382548739895388,-0.0884067357512953,-0.0768926404642574,0.0690087129413912,0.5514462263541109,0
275,275,0.0706479313036692,-0.0252941176470587,-0.204113171659534,-0.177461139896373,0.1052492745977314,-0.0245911282838918,0.5514462263541109,0
276,276,0.2021857923497268,0.0238235294117647,-0.0687113647170709,-0.010362694300518,0.1682933262991295,0.01728248489584,0.5514462263541109,0
277,277,-0.0161982825917249,0.07125,0.027639087018545,-0.1188471502590673,-0.000131891321551,0.0813244815236653,0.5514462263541109,0
278,278,0.2236533957845434,0.175735294117647,0.1275558725630052,0.0867875647668394,-0.2384595093642838,0.4951343058880747,0.5514462263541109,0
279,279,0.0733801717408277,-0.1017647058823529,-0.0550404184498335,0.1398963730569948,0.4996043260353469,0.3682818894906516,0.5514462263541109,0
280,280,-0.0612802498048397,0.0176470588235294,-0.0313837375178317,-0.3581606217616579,-0.3096808230018464,0.2315768582274092,0.5514462263541109,0
281,281,0.2179937548790009,-0.0658088235294117,-0.0801830718021874,-0.3458549222797927,-0.2306779213927723,0.2100242632084296,0.5514462263541109,0
282,282,0.0284933645589385,-0.0419117647058822,0.011055634807418,-0.2001295336787564,-0.1682933262991295,-0.061538434030714,0.5514462263541109,0
283,283,0.1877439500390321,0.0488235294117647,-0.0732287208749406,-0.1010362694300517,-0.0585597467686626,-0.0874015480534896,0.5514462263541109,0
284,284,0.1338797814207653,0.0230882352941176,0.1264859724203518,-0.3309585492227979,-0.2104985491954629,-0.0726226257547607,0.5514462263541109,0
285,285,0.0696721311475412,0.049485294117647,-0.1306466951973372,0.0317357512953367,0.0361382221049855,0.184161149185654,0.5514462263541109,0
286,286,0.2014051522248244,0.0998529411764705,-0.0825011887779363,-0.3005181347150258,-0.2458454233711421,0.2500505111008204,0.5514462263541109,0
287,287,0.1213895394223265,-0.038235294117647,-0.0271041369472183,-0.1340673575129533,-0.4291743603270904,0.2672925871160041,0.5514462263541109,0
288,288,0.2388758782201406,0.0641176470588235,0.2312173086067522,-0.2830310880829015,-0.2094434186230546,0.2254189739362722,0.5514462263541109,0
289,289,0.0985558157689308,-0.0371323529411764,-0.0430337612933904,-0.2150259067357512,-0.1371669744130836,-0.0646173761762826,0.5514462263541109,0
290,290,0.1319281811085092,-0.0110294117647058,-0.0513552068473608,-0.1735751295336787,-0.1535214982854127,-0.0098122059851629,0.5514462263541109,0
291,291,-0.0679156908665102,-0.0083823529411764,0.0877318116975749,0.0569948186528498,-0.0116064362964916,-0.0492226654484399,0.5514462263541109,0
292,292,0.0675253708040595,-0.0160294117647058,-0.098074179743224,-0.0485751295336787,-0.0079134792930624,-0.0455279348737577,0.5514462263541109,0
293,293,0.1096799375487902,0.0852941176470588,-0.2553495007132668,0.3037564766839378,0.1717225006594566,0.1047244418299861,0.5514462263541109,0
294,294,0.1873536299765809,0.0241176470588235,-0.045173561578697,0.0712435233160622,0.1387496702716961,0.1071875955464409,0.5514462263541109,0
295,295,0.0669398907103827,0.0119117647058823,-0.0361388492629575,-0.2503238341968912,-0.0721445528884199,0.0105088121755893,0.5514462263541109,0
296,296,0.1654957064793131,0.1120588235294117,0.204113171659534,-0.3419689119170984,-0.2118174624109733,0.0677771360831638,0.5514462263541109,0
297,297,0.0074160811865732,0.0141176470588235,-0.0213980028530672,0.0433937823834197,-0.1640728040094961,0.1601454004502195,0.5514462263541109,0
298,298,0.1748633879781421,0.0188235294117647,-0.1034236804564908,-0.0310880829015543,-0.0077815879715114,0.1663032847413565,0.5514462263541109,0
299,299,0.1303669008587044,0.0444117647058823,-0.0074893009985734,0.0123056994818653,-0.1313637562648377,0.1847769376147677,0.5514462263541109,0
