,Unnamed: 0,0,1,2,3,4,5,6,mal
0,0,0.1822794691647151,-0.1316176470588235,-0.0524251069900142,-0.3957253886010362,-0.2664204695331047,0.1231980947033972,0.5514462263541109,0
1,1,0.1768149882903982,0.0239705882352941,-0.0091535901093675,-0.1878238341968911,-0.1553679767871273,0.0295982534781141,0.5514462263541109,0
2,2,0.0774785323965654,0.0548529411764705,-0.0123038516405135,-0.1968911917098445,-0.0986547085201793,-0.0239753398547781,0.5514462263541109,0
3,3,0.0819672131147543,0.0548529411764705,-0.1023537803138374,-0.0971502590673574,-0.1121076233183856,0.0185140617540675,0.5514462263541109,0
4,4,-0.0167837626854017,0.0826470588235293,-0.1917498811222064,-0.1249999999999999,-0.0100237404378791,-0.001191167977571,0.5514462263541109,0
5,5,0.1194379391100704,0.0038970588235294,-0.0049334284355682,-0.1496113989637305,-0.094566077552097,0.0868665773856887,0.5514462263541109,0
6,6,0.109289617486339,-0.0241176470588234,0.0627674750356633,0.0712435233160622,0.0596148773410709,-0.0332121662914836,0.5514462263541109,0
7,7,0.0792349726775958,-0.0095588235294117,0.1038991916310033,-0.1191709844559585,-0.1904510683197045,0.0061982931717934,0.5514462263541109,0
8,8,0.2205308352849337,0.0567647058823529,-0.0020209224916785,-0.3173575129533678,-0.3181218675811131,-0.0085806291269354,0.5514462263541109,0
9,9,0.1633489461358315,0.0239705882352941,-0.000891583452211,-0.0064766839378237,-0.0121340015826958,0.0696245013705049,0.5514462263541109,0
10,10,-0.0608899297423884,0.0261764705882352,-0.0413694721825962,-0.3134715025906736,-0.2490108150883671,0.0431455989186156,0.5514462263541109,0
11,11,0.1038251366120221,0.0841176470588235,-0.0557536852116024,-0.1424870466321243,-0.1738327618042732,0.1231980947033972,0.5514462263541109,0
12,12,-0.0312256049960965,0.0163235294117647,-0.0823823109843082,-0.0336787564766838,-0.0841466631495647,0.0850192120983475,0.5514462263541109,0
13,13,0.1409055425448869,-0.0069117647058822,-0.0186638135996195,-0.1376295336787564,-0.088235294117647,0.0283666766198867,0.5514462263541109,0
14,14,0.1705698672911788,0.0430882352941176,-0.068830242510699,-0.1159326424870466,-0.1398048008441044,-0.0270542820003466,0.5514462263541109,0
15,15,0.0706479313036692,0.0154411764705882,-0.0366143604374702,-0.1418393782383419,-0.1471907148509628,0.0529982137844349,0.5514462263541109,0
16,16,0.1046057767369245,0.0061764705882353,-0.0597955301949596,-0.1340673575129533,-0.0791347929306251,0.0037351394553385,0.5514462263541109,0
17,17,0.127049180327869,0.0219117647058823,0.0564669519733712,-0.185880829015544,-0.0966763386969137,0.0376035030565923,0.5514462263541109,0
18,18,0.1112412177985951,-0.0363235294117646,0.0948644793152638,-0.1360103626943005,-0.1310999736217356,0.0061982931717934,0.5514462263541109,0
19,19,0.0066354410616708,0.0127941176470588,0.112339514978602,-0.160621761658031,-0.2294908994988129,0.0037351394553385,0.5514462263541109,0
20,20,0.0989461358313819,0.0961764705882353,0.011055634807418,-0.1075129533678756,-0.2288314428910577,0.0517666369262075,0.5514462263541109,0
21,21,0.1674473067915691,-0.0099999999999999,-0.1521635758440324,-0.3031088082901554,-0.283302558691638,0.1022612881135313,0.5514462263541109,0
22,22,0.1834504293520688,0.0941176470588235,-0.199358059914408,-0.2104922279792745,-0.2194671590609337,0.1034928649717587,0.5514462263541109,0
23,23,0.1272443403590947,-0.0044117647058822,-0.1811697574893011,-0.091321243523316,-0.01899235030335,0.1121139029793505,0.5514462263541109,0
24,24,0.1580796252927402,-0.0017647058823529,-0.0272230147408465,0.0550518134715026,0.0717488789237668,0.075782385661642,0.5514462263541109,0
25,25,0.0152224824355974,-0.0451470588235293,0.1059201141226818,-0.332901554404145,-0.229754682141915,-0.0061174754104806,0.5514462263541109,0
26,26,0.077673692427791,0.001764705882353,0.0916547788873038,-0.147020725388601,-0.1830651543128462,-0.0442963580155303,0.5514462263541109,0
27,27,0.2498048399687744,0.1010294117647058,0.0043984783642415,0.1884715025906736,0.0664732260617251,0.0061982931717934,0.5514462263541109,0
28,28,0.0290788446526154,0.0358823529411764,-0.1136471707085117,0.0278497409326425,-0.2438670535478765,0.1010297112553039,0.5514462263541109,0
29,29,0.1756440281030445,0.0763235294117646,0.17415596766524,-0.2739637305699481,0.0292798733843313,0.0665455592249364,0.5514462263541109,0
30,30,0.101873536299766,-0.0708823529411764,0.0921302900618163,-0.1457253886010362,-0.1005011870218939,0.1145770566958054,0.5514462263541109,0
31,31,0.0429352068696333,-0.0205882352941175,-0.0514740846409892,0.2182642487046632,0.088103402796096,0.0493034832097527,0.5514462263541109,0
32,32,0.1264637002341922,0.0661029411764705,-0.0239538754160723,-0.1434585492227979,-0.1929570034291743,0.1084191724046683,0.5514462263541109,0
33,33,0.1440281030444965,-0.0486764705882352,0.0156918687589158,-0.4132124352331606,-0.0759694012134001,-0.007349052268708,0.5514462263541109,0
34,34,0.2267759562841531,0.0351470588235294,-0.0723965763195435,-0.1191709844559585,-0.1263518860458981,0.0419140220603882,0.5514462263541109,0
35,35,0.091530054644809,-0.0096323529411764,0.0306110318592487,0.0142487046632124,-0.1276707992614085,0.0868665773856887,0.5514462263541109,0
36,36,0.0921155347384858,-0.0097058823529411,0.034831193533048,-0.0641191709844559,-0.4165127934581904,0.1219665178451698,0.5514462263541109,0
37,37,0.0109289617486341,0.075,0.0389919163100332,-0.3367875647668393,-0.2192033764178317,0.0554613675008897,0.5514462263541109,0
38,38,0.1342701014832165,0.0886764705882352,-0.0271041369472183,-0.0220207253886009,-0.0524927459773146,0.0542297906426623,0.5514462263541109,0
39,39,0.0439110070257613,-0.0328676470588234,-0.0415477888730385,0.0055051813471503,-0.0217620680559219,0.0782455393780968,0.5514462263541109,0
40,40,0.1014832162373148,0.0158823529411764,-0.0592011412268188,0.1670984455958549,0.1347929306251649,0.0283666766198867,0.5514462263541109,0
41,41,0.2193598750975801,-0.010735294117647,-0.0086780789348549,-0.3309585492227979,-0.2474281192297546,0.011124600604703,0.5514462263541109,0
42,42,0.1955503512880562,0.0552941176470588,0.0078459343794579,-0.1955958549222797,-0.1880770245317858,0.0209772154705223,0.5514462263541109,0
43,43,0.1590554254488681,0.0277205882352941,-0.045827389443652,-0.2927461139896373,-0.1324188868372461,0.0585403096464582,0.5514462263541109,0
44,44,0.1967213114754099,-0.023970588235294,-0.0689491203043272,-0.5427461139896372,-0.3735162226325507,0.1293559789945343,0.5514462263541109,0
45,45,0.2096018735362998,0.0123529411764705,-0.0781027104136948,-0.3523316062176165,-0.2434713795832234,0.1034928649717587,0.5514462263541109,0
46,46,0.1116315378610463,-0.0108823529411764,-0.0732287208749406,-0.5472797927461139,-0.4468477974149301,0.0197456386122949,0.5514462263541109,0
47,47,0.0954332552693211,0.0338970588235294,0.0262719923918212,-0.1900906735751295,-0.2898971247691901,0.0874823658148024,0.5514462263541109,0
48,48,0.0515222482435599,0.0794117647058823,-0.0779838326200666,0.2914507772020726,0.1973094170403587,0.0665455592249364,0.5514462263541109,0
49,49,0.1131928181108511,0.0198529411764705,-0.0539705183071803,-0.2733160621761658,-0.1403323661303085,0.0788613278072105,0.5514462263541109,0
50,50,0.2150663544106167,0.0313235294117647,-0.0534950071326676,-0.2681347150259067,-0.2070693748351358,0.0357561377692512,0.5514462263541109,0
51,51,0.1883294301327089,0.0197058823529412,-0.0863647170708513,-0.1214378238341968,0.0613294645212345,0.0727034435160735,0.5514462263541109,0
52,52,0.2740046838407495,-0.0029411764705881,-0.1024726581074655,-0.5142487046632125,-0.2247428119229754,0.0936402501059394,0.5514462263541109,0
53,53,0.1346604215456677,0.0111764705882352,0.2069662387066095,-0.1670984455958549,0.0324452651015563,0.0283666766198867,0.5514462263541109,0
54,54,-0.0068306010928959,0.0352205882352941,0.2196861626248216,-0.1732512953367875,-0.1870218939593774,0.01728248489584,0.5514462263541109,0
55,55,0.1327088212334116,0.0901470588235294,0.0293628150261531,-0.2448186528497409,-0.2263255077815879,0.1392085938603535,0.5514462263541109,0
56,56,0.1112412177985951,-0.0161764705882352,-0.0079648121730859,-0.3452072538860103,-0.3305196518069111,0.1909348219059047,0.5514462263541109,0
57,57,0.1787665886026542,0.0945588235294117,0.02377555872563,0.1437823834196891,-0.0688472698496438,0.1182717872704876,0.5514462263541109,0
58,58,0.0745511319281813,0.0300735294117647,-0.1563242986210176,-0.1764896373056994,0.0426008968609865,0.092408673247712,0.5514462263541109,0
59,59,0.1455893832943014,-0.0086764705882352,-0.0464812173086068,0.0511658031088083,0.0108150883671854,0.0554613675008897,0.5514462263541109,0
60,60,-0.0015612802498045,0.0389705882352941,-0.0164051355206847,-0.1981865284974093,-0.1012925349512001,0.011124600604703,0.5514462263541109,0
61,61,0.0210772833723656,-0.0110294117647058,0.0259153590109367,-0.1645077720207253,-0.0910050118702189,0.0406824452021608,0.5514462263541109,0
62,62,0.1221701795472289,0.0399264705882352,-0.02217070851165,-0.1311528497409326,-0.154180954893168,-0.0042701101231395,0.5514462263541109,0
63,63,0.1623731459797034,0.0347058823529411,-0.02056585829767,-0.2856217616580311,-0.2972830387760485,0.065313982366709,0.5514462263541109,0
64,64,0.0987509758001564,0.0097058823529411,-0.0873751783166905,-0.3218911917098445,-0.2719599050382484,0.1281244021363069,0.5514462263541109,0
65,65,0.1165105386416863,0.001985294117647,0.0404184498335711,-0.1013601036269429,-0.1181746241097335,0.0493034832097527,0.5514462263541109,0
66,66,0.1319281811085092,0.058235294117647,0.051474084640989,-0.3251295336787564,-0.40886309680823,0.0098930237464756,0.5514462263541109,0
67,67,0.1440281030444965,0.0488235294117647,0.024488825487399,-0.3264248704663212,-0.2503297283038775,0.0850192120983475,0.5514462263541109,0
68,68,0.053473848555816,0.0489705882352941,0.0588445078459344,-0.0349740932642486,-0.0253231337378,0.059156098075572,0.5514462263541109,0
69,69,0.1693989071038252,0.0386029411764705,-0.1705896338563957,-0.0414507772020724,-0.0203112635188604,0.1342822864274439,0.5514462263541109,0
70,70,0.0136612021857926,-0.0007352941176469,0.0039229671897289,-0.2797927461139896,-0.1820100237404378,0.1047244418299861,0.5514462263541109,0
71,71,-0.1167056986729115,0.025735294117647,-0.0048739895387541,-0.0621761658031087,-0.1796359799525191,0.0148193311793852,0.5514462263541109,0
72,72,0.062841530054645,0.0094117647058823,-0.0525439847836424,-0.0330310880829015,-0.1390134529147981,0.0037351394553385,0.5514462263541109,0
73,73,0.1440281030444966,0.0373529411764705,-0.0250237755587255,-0.0106865284974092,-0.072540226853073,0.0376035030565923,0.5514462263541109,0
74,74,0.0815768930523031,0.0264705882352941,-0.0386352829291489,-0.0628238341968911,-0.1010287523080981,0.0566929443591171,0.5514462263541109,0
75,75,0.2556596409055426,-0.0224999999999999,-0.0613409415121256,-0.3432642487046632,-0.3046689527829068,0.0874823658148024,0.5514462263541109,0
76,76,0.0765027322404374,-0.008970588235294,0.0779838326200665,-0.0621761658031087,-0.0487997889738855,0.0788613278072105,0.5514462263541109,0
77,77,0.1126073380171743,-0.0305882352941175,0.0388730385164051,-0.2234455958549222,-0.2236876813505671,0.038219291485706,0.5514462263541109,0
78,78,0.1007025761124124,0.1014705882352941,-0.1050879695672849,-0.1113989637305699,-0.2242152466367712,0.0813244815236653,0.5514462263541109,0
79,79,0.2330210772833724,0.0454411764705882,-0.1425344745601522,0.0136010362694301,0.00633078343445,0.1268928252780795,0.5514462263541109,0
80,80,0.1397345823575333,0.0258088235294117,-0.0356038991916309,-0.1865284974093264,-0.1652598259034555,0.0936402501059394,0.5514462263541109,0
81,81,0.0987509758001564,0.0933823529411764,0.0227056585829767,0.086139896373057,0.0382484832498021,0.0135877543211578,0.5514462263541109,0
82,82,-0.0167837626854017,0.0122058823529411,-0.0368521160247266,-0.4527202072538859,-0.2049591136903191,0.1145770566958054,0.5514462263541109,0
83,83,0.2138953942232631,0.0272058823529411,0.0263908701854493,0.1670984455958549,0.1725138485887629,0.0603876749337994,0.5514462263541109,0
84,84,0.0909445745511321,0.0150735294117647,0.0485615786970994,-0.1871761658031087,-0.1251648641519387,0.032061407194569,0.5514462263541109,0
85,85,0.0483996877439503,0.0105882352941176,-0.0589633856395626,0.0738341968911917,0.0978633605908731,-0.007349052268708,0.5514462263541109,0
86,86,0.154176424668228,0.0547058823529411,-0.0583689966714218,-0.4365284974093264,-0.3566341334740174,0.1663032847413565,0.5514462263541109,0
87,87,0.0187353629976583,-0.0147058823529411,0.0416072277698525,-0.0822538860103626,0.0290160907412292,0.065313982366709,0.5514462263541109,0
88,88,0.1453942232630758,0.0422058823529411,-0.0078459343794579,-0.3811528497409326,-0.2777631231864943,0.0240561576160908,0.5514462263541109,0
89,89,0.2205308352849337,0.0916176470588235,-0.0284117926771279,-0.5148963730569949,-0.0728040094961751,0.0850192120983475,0.5514462263541109,0
90,90,0.0995316159250588,-0.0448529411764705,-0.0178316690442226,0.022020725388601,-0.0047480875758374,0.0480719063515253,0.5514462263541109,0
91,91,0.1533957845433256,0.13,-0.0054683785068949,0.1489637305699482,0.0701661830651543,0.1305875558527617,0.5514462263541109,0
92,92,0.1053864168618269,-0.0202941176470587,0.0451141226818829,-0.3044041450777202,-0.2396465312582431,0.0751665972325283,0.5514462263541109,0
93,93,0.109289617486339,0.0191176470588235,-0.0607465525439847,-0.1761658031088082,-0.1896597203903983,0.0135877543211578,0.5514462263541109,0
94,94,0.0893832943013273,0.0911764705882352,0.0830955777460771,-0.1204663212435232,-0.2846214719071485,0.0616192517920268,0.5514462263541109,0
95,95,0.0874316939890713,-0.0213235294117646,0.0310865430337613,-0.0599093264248704,0.0381165919282511,0.044377175776843,0.5514462263541109,0
96,96,0.1295862607338019,0.0498529411764705,-0.0317403708987161,-0.108160621761658,-0.1002374043787918,-0.0332121662914836,0.5514462263541109,0
97,97,0.1206088992974241,0.0467647058823529,-0.0318592486923443,-0.0369170984455958,-0.0029016090741229,0.0603876749337994,0.5514462263541109,0
98,98,0.1502732240437159,0.0297058823529411,-0.0533761293390395,0.0129533678756477,0.0395673964653126,0.0197456386122949,0.5514462263541109,0
99,99,0.209992193598751,0.033235294117647,-0.0613409415121256,-0.0401554404145077,-0.0710894223160115,0.0388350799148197,0.5514462263541109,0
100,100,0.1463700234192038,-0.0419117647058822,0.0696623870660959,-0.294041450777202,-0.1883408071748878,0.0603876749337994,0.5514462263541109,0
101,101,0.1920374707259954,0.0305882352941176,0.0313837375178316,-0.0731865284974093,-0.0342917436032708,-0.0233595514256644,0.5514462263541109,0
102,102,0.0956284153005467,0.0616176470588235,0.0392296718972896,-0.0459844559585491,-0.1086784489580585,0.0061982931717934,0.5514462263541109,0
103,103,0.0889929742388761,0.0485294117647059,0.0502853067047075,-0.1016839378238341,-0.1154049063571616,0.0942560385350531,0.5514462263541109,0
104,104,0.1889149102263857,0.0623529411764705,-0.030076081787922,-0.191062176165803,-0.1540490635716169,0.1010297112553039,0.5514462263541109,0
105,105,0.1451990632318502,-0.0152941176470587,-0.0160485021398003,-0.2085492227979274,-0.1899235030335003,0.0690087129413912,0.5514462263541109,0
106,106,0.0195160031225607,0.1408823529411764,0.0029719448407037,0.1515544041450777,0.1242416249010815,0.0973349806806216,0.5514462263541109,0
107,107,0.0636221701795475,0.0113235294117647,-0.1343319067998098,-0.175841968911917,-0.1343972566605117,0.0813244815236653,0.5514462263541109,0
108,108,0.2150663544106167,0.0151470588235294,-0.0187826913932477,-0.1340673575129533,-0.1754154576628857,-0.0085806291269354,0.5514462263541109,0
109,109,0.2002341920374708,0.1167647058823529,0.026153114598193,-0.2830310880829015,-0.1872856766024795,0.004966716313566,0.5514462263541109,0
110,110,0.209016393442623,0.0052941176470588,-0.070375653827865,-0.2778497409326425,-0.3029543656027433,0.0357561377692512,0.5514462263541109,0
111,111,0.2181889149102264,-0.0777941176470588,-0.1193533048026629,-0.018782383419689,-0.122922711685571,0.0665455592249364,0.5514462263541109,0
112,112,0.2295081967213115,0.0711764705882352,0.0155729909652876,-0.2402849740932642,-0.1775257188077024,0.0973349806806216,0.5514462263541109,0
113,113,0.1654957064793131,0.0185294117647058,-0.0297194484070376,-0.1878238341968911,-0.1123714059614877,0.0640824055084816,0.5514462263541109,0
114,114,0.0526932084309136,0.0751470588235294,0.0219329529243937,0.0395077720207254,0.0447111580058032,0.0369877146274786,0.5514462263541109,0
115,115,0.0753317720530837,0.0786764705882352,0.1554921540656206,-0.1424870466321243,-0.1376945396992877,0.0456087526350705,0.5514462263541109,0
116,116,0.1865729898516784,0.0449999999999999,-0.0084403233475987,-0.2901554404145077,-0.2352941176470588,0.0566929443591171,0.5514462263541109,0
117,117,0.1288056206088995,0.1194117647058823,-0.0842843556823585,0.1658031088082902,0.0651543128462147,0.0529982137844349,0.5514462263541109,0
118,118,0.1114363778298206,0.0867647058823529,-0.1697574893009986,-0.035621761658031,-0.0692429438142969,0.1780032648945169,0.5514462263541109,0
119,119,0.1631537861046058,0.0070588235294117,-0.0910603899191631,-0.2338082901554404,-0.0564494856238459,0.1305875558527617,0.5514462263541109,0
120,120,0.0464480874316942,-0.013970588235294,-0.0199714693295293,0.202720207253886,0.1930888947507254,0.0135877543211578,0.5514462263541109,0
121,121,0.0835284933645592,-0.0120588235294117,0.0545649072753209,-0.069300518134715,-0.0100237404378791,-0.0369068968661659,0.5514462263541109,0
122,122,0.1465651834504295,0.016985294117647,0.0684141702330004,-0.0472797927461139,0.0003956739646531,-0.0190490324218684,0.5514462263541109,0
123,123,0.1697892271662764,0.0635294117647058,0.011055634807418,-0.2525906735751295,-0.2972830387760485,0.0209772154705223,0.5514462263541109,0
124,124,0.1740827478532397,0.0585294117647058,0.0311459819305753,-0.0647668393782383,0.0269058295964125,0.0369877146274786,0.5514462263541109,0
125,125,0.1420765027322406,0.0611029411764705,-0.0485615786970994,-0.2043393782383419,-0.1369031917699815,0.0961034038223942,0.5514462263541109,0
126,126,-0.0062451209992191,-0.0257352941176469,-0.0259153590109367,-0.2202072538860103,-0.0865207069374834,0.0948718269641668,0.5514462263541109,0
127,127,0.1112412177985951,-0.0092647058823528,0.0442225392296719,-0.0848445595854922,-0.0807174887892376,0.0554613675008897,0.5514462263541109,0
128,128,0.146760343481655,-0.0449999999999999,-0.0052306229196386,-0.1761658031088082,-0.0625164864151938,0.0025035625971111,0.5514462263541109,0
129,129,0.3126463700234193,0.1180882352941176,-0.0448169281978126,-0.2422279792746113,-0.4829860195199155,0.0357561377692512,0.5514462263541109,0
130,130,0.1332943013270884,0.0453676470588235,-0.1177484545886829,-0.3439119170984456,-0.1005011870218939,0.0406824452021608,0.5514462263541109,0
131,131,0.1370023419203749,-0.0355882352941175,-0.0795292439372326,0.1800518134715026,0.2036402004748088,0.065313982366709,0.5514462263541109,0
132,132,0.1487119437939111,0.033235294117647,0.0156918687589158,-0.0401554404145077,0.0015826958586125,-0.0332121662914836,0.5514462263541109,0
133,133,0.1514441842310695,-0.0022058823529411,0.0582501188777935,-0.6016839378238342,-0.5098918491163281,0.0197456386122949,0.5514462263541109,0
134,134,0.1194379391100704,0.0875,0.0050523062291963,-0.0553756476683937,-0.0498549195462938,-0.0172016671345273,0.5514462263541109,0
135,135,0.0960187353629979,0.0198529411764705,0.0521873514027579,0.3322538860103627,0.056713268266948,0.0973349806806216,0.5514462263541109,0
136,136,0.085089773614364,0.065,-0.0339990489776509,-0.3264248704663212,-0.1878132418886837,-0.034443743149711,0.5514462263541109,0
137,137,0.2072599531615925,0.0487499999999999,-0.0562886352829292,-0.0663860103626942,-0.1043260353468741,0.075782385661642,0.5514462263541109,0
138,138,0.1030444964871197,0.0727941176470588,0.0068949120304327,-0.1696891191709844,-0.1864943286731732,0.092408673247712,0.5514462263541109,0
139,139,0.1463700234192038,-0.0044117647058822,0.0644317641464575,-0.2564766839378238,-0.1453442363492482,0.0271350997616593,0.5514462263541109,0
140,140,0.0199063231850119,-0.0241176470588234,0.0197337137422729,-0.1126943005181346,-0.1461355842785544,0.0222087923287497,0.5514462263541109,0
141,141,0.1455893832943015,0.0883088235294117,-0.0174155967665239,-0.1249999999999999,-0.0825639672909522,0.0234403691869771,0.5514462263541109,0
142,142,0.0858704137392664,0.1185294117647058,0.0010699001426532,-0.0472797927461139,0.0116064362964917,0.0234403691869771,0.5514462263541109,0
143,143,0.0655737704918035,0.0304411764705882,-0.0063005230622918,-0.1599740932642486,-0.1632814560801899,0.0751665972325283,0.5514462263541109,0
144,144,-0.0651834504293517,-0.0005882352941175,0.021398002853067,-0.1373056994818652,-0.1986283302558691,0.0246719460452045,0.5514462263541109,0
145,145,0.0325917252146763,0.0930882352941176,0.0545649072753209,-0.1677461139896373,-0.1737008704827222,0.0222087923287497,0.5514462263541109,0
146,146,0.085089773614364,-0.0154411764705881,0.0499286733238231,0.008419689119171,0.0245317858084938,0.0542297906426623,0.5514462263541109,0
147,147,0.1284153005464483,0.145735294117647,-0.0042796005706133,-0.3652849740932642,-0.3088894750725401,0.0308298303363415,0.5514462263541109,0
148,148,0.1986729117876659,0.0076470588235294,-0.0432715168806466,-0.1165803108808289,-0.2527037720917963,-0.0135069365598451,0.5514462263541109,0
149,149,0.1947697111631538,0.0075735294117647,-0.0399429386590584,-0.0790155440414507,-0.091532577156423,0.038219291485706,0.5514462263541109,0
150,150,0.1662763466042155,0.0654411764705882,0.0739419876367095,-0.0822538860103626,0.0121340015826958,0.0493034832097527,0.5514462263541109,0
151,151,0.0039032006245123,-0.0451470588235293,0.0738231098430813,-0.1262953367875647,-0.1287259298338169,-0.0024227448357984,0.5514462263541109,0
152,152,0.2334113973458236,0.085735294117647,-0.1243461721350452,-0.0446891191709844,-0.1128989712476918,0.0659297707958227,0.5514462263541109,0
153,153,0.0862607338017176,0.0199999999999999,-0.1805753685211603,-0.2130829015544041,-0.1996834608282774,0.0813244815236653,0.5514462263541109,0
154,154,0.1686182669789228,0.0664705882352941,-0.1072277698525916,-0.0155440414507771,0.0319176998153521,0.0394508683439334,0.5514462263541109,0
155,155,0.193208430913349,-0.0426470588235293,-0.0469567284831193,0.1301813471502591,0.1073595357425481,0.0456087526350705,0.5514462263541109,0
156,156,0.1383684621389541,0.0016911764705882,0.0309676652401332,-0.1483160621761657,-0.1057768398839356,-0.0079648406978217,0.5514462263541109,0
157,157,0.2256049960967994,0.0795588235294117,-0.0685924869234427,0.0246113989637306,0.0453706146135584,0.0160509080376126,0.5514462263541109,0
158,158,0.2447306791569087,-0.0169117647058822,-0.0828578221588208,-0.1398963730569948,-0.0387760485360063,0.0246719460452045,0.5514462263541109,0
159,159,0.1978922716627635,0.0333823529411764,-0.0229434141702329,-0.0887305699481865,-0.0023740437879187,-0.0122753597016177,0.5514462263541109,0
160,160,0.2082357533177206,-0.003970588235294,0.0171778411792676,-0.1654792746113989,-0.066341334740174,-0.0356753200079384,0.5514462263541109,0
161,161,0.0706479313036692,0.0345588235294117,0.1270803613884926,-0.0278497409326424,0.0374571353204959,-0.0418332042990755,0.5514462263541109,0
162,162,0.1116315378610463,0.0629411764705882,0.1058012363290538,-0.302461139896373,-0.2769717752571881,0.0369877146274786,0.5514462263541109,0
163,163,0.1608118657298986,0.0645588235294117,-0.0418449833571087,-0.1632124352331606,-0.1535214982854127,0.0517666369262075,0.5514462263541109,0
164,164,0.2289227166276347,0.0710294117647058,-0.2190323347598669,-0.2830310880829015,-0.1268794513321023,0.0573087327882308,0.5514462263541109,0
165,165,0.1007025761124124,0.0379411764705882,0.0427960057061341,-0.1353626943005181,-0.2173568979161171,0.0357561377692512,0.5514462263541109,0
166,166,-0.0878220140515219,-0.008970588235294,0.0231811697574892,-0.3354922279792746,-0.1630176734370878,0.0493034832097527,0.5514462263541109,0
167,167,0.2053083528493365,0.0103676470588235,0.0067165953399905,-0.0932642487046631,-0.0738591400685834,-0.028285858858574,0.5514462263541109,0
168,168,0.1186572989851681,0.0654411764705882,-0.0807180218735141,-0.0239637305699481,-0.2218412028488525,-0.0356753200079384,0.5514462263541109,0
169,169,0.0714285714285717,0.0523529411764705,-0.056229196386115,-0.0777202072538859,-0.0683197045634397,-0.0837068174788074,0.5514462263541109,0
170,170,0.2341920374707261,0.1339705882352941,0.0332857822158821,0.0816062176165803,-0.0422052228963334,-0.0258227051421192,0.5514462263541109,0
171,171,0.1559328649492585,-0.0356617647058822,-0.0434498335710889,-0.1505829015544041,-0.0345555262463729,4.0408880656372936e-05,0.5514462263541109,0
172,172,0.1752537080405933,0.0616176470588235,0.0468378506894912,-0.3082901554404145,-0.3265629121603798,0.0098930237464756,0.5514462263541109,0
173,173,0.1233411397345826,0.0417647058823529,0.0070137898240608,0.2253886010362694,-0.0018464785017145,0.0061982931717934,0.5514462263541109,0
174,174,0.1729117876658861,-0.0207352941176469,0.1017593913456966,-0.3264248704663212,-0.4265365338960696,-0.0295174357168014,0.5514462263541109,0
175,175,0.1629586260733803,0.0408823529411764,0.0205064194008559,0.0333549222797927,-0.0477446584014771,-0.0683121067509648,0.5514462263541109,0
176,176,0.2361436377829821,0.1304411764705882,-0.107584403233476,-0.1204663212435232,-0.2592983381693484,0.0616192517920268,0.5514462263541109,0
177,177,0.1432474629195941,-0.0298529411764705,-0.0867807893485497,-0.0077720207253885,-0.0245317858084937,0.0357561377692512,0.5514462263541109,0
178,178,0.1307572209211556,0.1476470588235294,-0.0589633856395626,-0.0874352331606217,-0.1727776312318649,0.0874823658148024,0.5514462263541109,0
179,179,0.1703747072599533,-0.0361029411764705,0.0474322396576321,-0.1661269430051813,-0.1798997625956211,0.0339087724819101,0.5514462263541109,0
180,180,0.1733021077283373,0.0380882352941176,0.1447931526390871,-0.0770725388601036,-0.1685571089422315,-0.0750857794712155,0.5514462263541109,0
181,181,-0.0647931303669006,0.0674999999999999,0.1647646219686162,-0.0861398963730569,-0.1590609337905565,-0.0393700505826207,0.5514462263541109,0
182,182,0.1182669789227168,0.0614705882352941,0.0234783642415598,-0.1143134715025906,-0.2887101028752308,0.0203614270414086,0.5514462263541109,0
183,183,0.3485558157689306,0.070735294117647,-0.0219923918212078,-0.2072538860103626,-0.2521762068055921,0.1281244021363069,0.5514462263541109,0
184,184,0.2740046838407495,0.0186764705882352,-0.1036614360437471,0.0038860103626943,-0.0841466631495647,0.0751665972325283,0.5514462263541109,0
185,185,0.1791569086651054,0.1205882352941176,-0.1169757489300999,0.108160621761658,-0.0305987865998417,0.179850630181858,0.5514462263541109,0
186,186,0.0585480093676817,-0.0210294117647058,-0.0001188777936281,-0.3167098445595854,-0.1200211026114481,0.1096507492628957,0.5514462263541109,0
187,187,0.1241217798594849,0.0171323529411764,0.0916547788873038,-0.0906735751295336,0.0199155895542073,-0.0830910290496937,0.5514462263541109,0
188,188,0.0811865729898519,0.0495588235294117,0.0797669995244888,-0.2363989637305699,-0.3859140068583487,0.0061982931717934,0.5514462263541109,0
189,189,0.2931303669008588,0.0458823529411764,-0.0422016167379934,0.0705958549222798,-0.015826958586125,-0.0270542820003466,0.5514462263541109,0
190,190,0.2498048399687744,0.0447058823529411,-0.0525439847836424,-0.3588082901554403,-0.3244526510155631,0.1318191327109891,0.5514462263541109,0
191,191,0.2382903981264638,0.0101470588235294,-0.0427960057061341,-0.0871113989637305,-0.0816407280400949,0.0677771360831638,0.5514462263541109,0
192,192,0.2244340359094458,0.0402941176470588,-0.2401331431288636,-0.0304404145077719,0.0435241361118438,-0.001191167977571,0.5514462263541109,0
193,193,0.2654176424668228,-0.0472058823529411,-0.0657394198763671,-0.1761658031088082,-0.1105249274597731,0.0357561377692512,0.5514462263541109,0
194,194,0.2439500390320063,0.0033823529411765,0.0035663338088445,-0.0310880829015543,-0.0429965708256396,4.0408880656372936e-05,0.5514462263541109,0
195,195,0.0772833723653398,0.0820588235294117,0.0316214931050879,-0.1884715025906735,-0.1390134529147981,0.038219291485706,0.5514462263541109,0
196,196,0.1643247462919594,0.0699999999999999,0.0567047075606278,-0.0680051813471502,-0.041150092323925,0.0135877543211578,0.5514462263541109,0
197,197,0.1920374707259954,0.1364705882352941,0.0840466000951022,-0.1742227979274611,-0.2002110261144816,0.1182717872704876,0.5514462263541109,0
198,198,0.2242388758782202,0.0229411764705882,-0.0430932001902044,-0.1732512953367875,-0.0714850962806647,0.1065718071173272,0.5514462263541109,0
199,199,0.2673692427790789,-0.0186764705882352,-0.0995007132667619,-0.1165803108808289,-0.0796623582168293,0.0431455989186156,0.5514462263541109,0
200,200,0.3427010148321624,0.1079411764705882,-0.1587018544935806,0.0459844559585492,0.0205750461619625,0.1096507492628957,0.5514462263541109,0
201,201,0.2708821233411398,0.020735294117647,-0.2149310508796957,-0.0712435233160621,0.0464257451859667,0.0911770963894846,0.5514462263541109,0
202,202,0.1169008587041375,-0.0156617647058822,-0.0193770803613886,-0.375,-0.0828277499340543,0.0332929840527964,0.5514462263541109,0
203,203,0.0960187353629979,0.0154411764705882,0.0993818354731336,-0.1541450777202072,-0.0174096544447375,-0.0110437828433903,0.5514462263541109,0
204,204,-0.0394223263075719,-0.0057352941176469,0.0836899667142178,-0.0926165803108808,0.0010551305724083,-0.1342014686661312,0.5514462263541109,0
205,205,0.1756440281030445,0.0754411764705882,0.1269614835948644,-0.2085492227979274,-0.2466367713004484,-0.055380549739577,0.5514462263541109,0
206,206,0.248048399687744,0.1038970588235294,-0.06009272467903,-0.0909974093264248,-0.1295172777631231,0.0585403096464583,0.5514462263541109,0
207,207,0.3508977361436378,-0.0376470588235293,-0.0923680456490728,-0.4650259067357513,-0.3049327354260089,0.0517666369262075,0.5514462263541109,0
208,208,0.4172521467603435,0.0270588235294117,-0.1315977175463624,-0.3277202072538859,-0.2157742020575045,0.1145770566958054,0.5514462263541109,0
209,209,0.412568306010929,0.0954411764705882,-0.028649548264384,0.0330310880829015,0.1055130572408335,0.1601454004502195,0.5514462263541109,0
210,210,0.030249804839969,-0.0266176470588234,-0.0005943889681406,-0.2655440414507771,-0.0092323925085729,0.0160509080376126,0.5514462263541109,0
211,211,0.2318501170960188,0.1283823529411764,0.0495720399429386,0.1509067357512953,-0.1390134529147981,0.0061982931717934,0.5514462263541109,0
212,212,0.2076502732240437,0.0805882352941176,-0.0210413694721824,-0.1670984455958549,0.2268530730677922,-0.0245911282838918,0.5514462263541109,0
213,213,0.1403200624512101,0.0806617647058823,0.0647289586305277,-0.1525259067357512,-0.1217356897916116,0.0302140419072278,0.5514462263541109,0
214,214,0.1553473848555816,0.0126470588235294,-0.0162862577270566,-0.2273316062176165,-0.1696122395146399,0.0702402897996186,0.5514462263541109,0
215,215,0.2365339578454333,0.1498529411764705,-0.0405373276271992,-0.2655440414507771,-0.2437351622263255,0.1663032847413565,0.5514462263541109,0
216,216,0.1873536299765809,-0.0461764705882352,-0.1050879695672849,-0.1353626943005181,-0.0601424426272751,0.0751665972325283,0.5514462263541109,0
217,217,0.1975019516003124,-0.0071323529411764,0.0208630527817403,-0.1952720207253885,-0.173173305196518,-0.028285858858574,0.5514462263541109,0
218,218,0.0815768930523031,0.1088235294117647,0.0635996195910604,-0.1930051813471502,-0.1944078079662358,0.0160509080376126,0.5514462263541109,0
219,219,0.1288056206088995,0.0097058823529411,-0.0085592011412268,-0.224740932642487,-0.280137166974413,-0.08247524062058,0.5514462263541109,0
220,220,0.2853239656518346,0.1542647058823529,0.0494531621493106,0.0893782383419689,-0.3708783962015299,0.0542297906426623,0.5514462263541109,0
221,221,0.1828649492583919,0.051985294117647,-0.0070137898240608,-0.1366580310880828,-0.1805592192033764,0.1324349211401028,0.5514462263541109,0
222,222,0.2041373926619829,0.0372058823529411,-0.0299572039942938,-0.1003886010362694,-0.0862569242943813,0.0394508683439334,0.5514462263541109,0
223,223,0.1327088212334116,0.0927941176470588,-0.0551592962434617,-0.1237046632124352,-0.1893959377472962,0.1330507095692165,0.5514462263541109,0
224,224,0.0725995316159253,0.0397058823529411,0.026153114598193,-0.0032383419689118,-0.015826958586125,0.0480719063515253,0.5514462263541109,0
225,225,0.0921155347384858,0.0193382352941176,-0.057774607703281,0.0909974093264249,0.0327090477446584,0.0351403493401375,0.5514462263541109,0
226,226,0.1194379391100705,0.0064705882352941,0.045886828340466,-0.0841968911917098,-0.0493273542600896,-0.1046436240686733,0.5514462263541109,0
227,227,0.2240437158469946,0.1502941176470588,0.0187826913932477,-0.1742227979274611,-0.2753890793985755,0.0086614468882482,0.5514462263541109,0
228,228,0.1532006245121001,0.0542647058823529,0.0036852116024727,-0.0793393782383419,-0.0993141651279345,-0.0061174754104806,0.5514462263541109,0
229,229,0.0975800156128027,-0.0583823529411764,-0.0512363290537326,-0.0874352331606217,0.0983909258770773,0.0271350997616593,0.5514462263541109,0
230,230,0.2053083528493365,0.1013235294117647,-0.0408939610080837,-0.1437823834196891,-0.1938802426800316,0.044377175776843,0.5514462263541109,0
231,231,0.2045277127244341,-0.0020588235294117,-0.0476699952448884,-0.2117875647668393,-0.22658929042469,0.0394508683439334,0.5514462263541109,0
232,232,0.1256830601092898,0.029485294117647,0.0133143128863528,-0.1175518134715025,-0.1740965444473753,0.0425298104895019,0.5514462263541109,0
233,233,0.317720530835285,0.0977941176470588,0.0639562529719447,0.0770725388601036,0.0261144816671063,0.0554613675008897,0.5514462263541109,0
234,234,0.1498829039812647,0.0764705882352941,-0.1235140275796481,-0.2182642487046632,-0.1828013716697441,0.0702402897996186,0.5514462263541109,0
235,235,0.1600312256049962,0.0354411764705882,-0.0584878744650499,-0.0712435233160621,-0.0986547085201793,0.0751665972325283,0.625120910634847,0
236,236,0.1608118657298986,0.0449999999999999,0.0173561578697099,-0.2082253886010362,-0.1706673700870482,0.0425298104895019,0.625120910634847,0
237,237,0.1010928961748636,0.0298529411764705,0.0202092249167855,-0.1761658031088082,-0.1340015826958586,-0.0763173563294429,0.625120910634847,0
238,238,0.1807181889149103,0.0475,-0.0697812648597242,0.1910621761658031,0.1012925349512002,0.0234403691869771,0.625120910634847,0
239,239,0.1654957064793131,0.1119117647058823,-0.0498097955301949,-0.1366580310880829,-0.0569770509100501,0.0234403691869771,0.625120910634847,0
240,240,0.1184621389539424,0.0171323529411764,0.0260936757013789,-0.1777849740932642,-0.173305196518069,-0.0128911481307314,0.625120910634847,0
241,241,0.2037470725995316,-0.0272058823529411,0.0373276271992392,-0.1865284974093264,-0.1411237140596148,-0.0196648208509821,0.625120910634847,0
242,242,0.2138953942232631,0.0492647058823529,0.0960532572515453,-0.155440414507772,-0.1537852809285148,-0.061538434030714,0.625120910634847,0
243,243,0.0811865729898519,-0.0201470588235293,0.1105563480741796,-0.1010362694300517,-0.0770245317858084,-0.0689278951800784,0.625120910634847,0
244,244,0.2884465261514442,0.1152205882352941,-0.0442819781264859,-0.1949481865284973,-0.2494064890530203,0.1004139228261902,0.625120910634847,0
245,245,0.239656518345043,0.0888235294117647,-0.0631241084165479,-0.2357512953367875,-0.2081245054075441,0.1244296715616246,0.625120910634847,0
246,246,0.2092115534738486,0.0370588235294117,-0.0981930575368521,-0.0939119170984455,-0.041150092323925,0.059156098075572,0.625120910634847,0
247,247,0.2213114754098361,0.0088235294117647,-0.0613409415121256,-0.2036917098445595,-0.1775257188077024,0.0733192319451872,0.625120910634847,0
248,248,0.0882123341139737,-0.0267647058823528,0.1344507845934379,-0.1360103626943005,-0.1429701925613294,0.0160509080376126,0.625120910634847,0
249,249,0.0733801717408277,0.1108823529411764,0.1315977175463624,-0.2674870466321243,-0.2279082036402004,-0.0061174754104806,0.625120910634847,0
250,250,0.2314597970335676,0.1308823529411764,-0.0411317165953399,-0.060880829015544,-0.1247691901872856,0.059156098075572,0.625120910634847,0
251,251,0.222872755659641,0.0275,-0.0227056585829767,0.0987694300518135,0.0262463729886573,0.0449929642059568,0.625120910634847,0
252,252,0.2056986729117877,0.0360294117647058,0.0948644793152638,-0.0874352331606217,-0.1055130572408335,0.038219291485706,0.625120910634847,0
253,253,0.1307572209211556,-0.0554411764705881,0.0798858773181169,-0.1496113989637305,-0.1556317594302294,-0.0172016671345273,0.625120910634847,0
254,254,0.1928181108508978,0.0016176470588235,0.051474084640989,-0.1515544041450777,-0.1867581113162753,0.0332929840527964,0.625120910634847,0
255,255,0.3563622170179548,0.083235294117647,-0.0453518782691393,-0.1101036269430051,-0.1515431284621471,0.0610034633629131,0.625120910634847,0
256,256,0.2915690866510539,0.0422058823529411,-0.1310033285782216,-0.0667098445595854,0.0530203112635188,0.032061407194569,0.625120910634847,0
257,257,0.2669789227166277,0.1717647058823529,-0.2321683309557775,-0.1450777202072538,-0.1907148509628066,0.1995558599134966,0.625120910634847,0
258,258,0.2349726775956285,-0.0366176470588234,-0.1614360437470281,-0.413860103626943,-0.1680295436560274,0.0345245609110238,0.625120910634847,0
259,259,0.1069476971116318,0.0546323529411764,-0.02056585829767,-0.1826424870466321,-0.0444473753627011,0.0807086930945516,0.625120910634847,0
260,260,-0.1030444964871192,0.005,-0.062410841654779,-0.4669689119170984,-0.3189132155104194,0.0357561377692512,0.625120910634847,0
261,261,0.3637782982045278,0.0469117647058823,-0.1072277698525916,-0.1781088082901554,-0.0232128725929833,0.0603876749337994,0.625120910634847,0
262,262,0.1336846213895396,0.0467647058823529,0.1278530670470757,-0.2153497409326424,-0.0439198100764969,-0.0455279348737577,0.625120910634847,0
263,263,0.0382513661202188,0.0379411764705882,0.1268426058012363,-0.1865284974093264,-0.1867581113162753,0.0357561377692512,0.625120910634847,0
264,264,0.217408274785324,0.0841176470588235,0.0159296243461721,-0.0427461139896372,-0.075705618570298,0.0234403691869771,0.625120910634847,0
265,265,0.1397345823575334,0.0486764705882352,-0.1336186400380409,0.0071243523316062,-0.0699024004220522,0.0825560583818927,0.625120910634847,0
266,266,0.517369242779079,0.1513235294117647,-0.4931050879695673,0.0612046632124352,0.0800580321814825,0.2562083953919574,0.625120910634847,0
267,267,0.295472287275566,-0.1155882352941176,-0.173204945316215,-0.1988341968911917,0.235821682933263,0.234040011943864,0.625120910634847,0
268,268,-0.041373926619828,-0.1022058823529411,0.1452686638135996,-0.3380829015544041,0.4964389343181219,-0.0738542026129881,0.625120910634847,0
269,269,-0.1186572989851675,-0.0572058823529411,0.5419638611507371,-0.2642487046632124,-0.0416776576101292,-0.1576014289724519,0.625120910634847,0
270,270,0.0472287275565966,0.1661029411764705,0.3190679980979553,-0.0909974093264248,-0.1784489580585597,-0.1188067579382886,0.625120910634847,0
271,271,0.0905542544886809,0.0283823529411764,0.1330242510699001,-0.3484455958549222,-0.61646003692957,0.0074298700300208,0.625120910634847,0
272,272,0.2041373926619829,0.1529411764705882,-0.091773656680932,-0.1651554404145077,-0.1941440253231337,0.1515243624426276,0.625120910634847,0
273,273,0.2400468384074942,0.0205882352941176,-0.2214693295292439,0.1489637305699482,0.1052492745977314,0.2352715888020914,0.625120910634847,0
274,274,0.2663934426229509,-0.0230147058823529,-0.361447931526391,-0.2428756476683937,-0.110393036138222,0.1829295723274265,0.625120910634847,0
275,275,0.2017954722872756,0.0326470588235294,-0.1743937232524965,-0.0174870466321243,-0.1696122395146399,0.1047244418299861,0.625120910634847,0
276,276,0.0398126463700236,-0.075735294117647,0.0020209224916786,-0.4792746113989637,-0.0195199155895541,-0.1883908504281372,0.625120910634847,0
277,277,0.2078454332552694,0.0579411764705882,0.1377793628150261,-0.4708549222797927,-0.4642574518596676,-0.2684433462129188,0.625120910634847,0
278,278,0.1174863387978144,0.0373529411764705,0.0210413694721826,-0.0297927461139895,-0.2996570825639673,0.1379770170021261,0.625120910634847,0
279,279,0.2556596409055426,0.1348529411764706,0.024488825487399,-0.1955958549222797,0.088103402796096,0.0887139426730298,0.625120910634847,0
280,280,0.23224043715847,0.0139705882352941,0.0013076557299096,-0.6509067357512953,-0.5832234238987075,0.1429033244350358,0.625120910634847,0
281,281,0.3778298204527713,0.0929411764705882,0.101997146932953,0.3264248704663213,0.2316011606436297,0.2377347425185463,0.625120910634847,0
282,282,0.1658860265417644,-0.0745588235294117,0.0370304327151688,-0.1016839378238341,-0.327354260089686,0.109034960833782,0.625120910634847,0
283,283,0.161592505854801,0.0164705882352941,0.099738468854018,-0.2694300518134714,-0.1957267211817462,0.0086614468882482,0.625120910634847,0
284,284,-0.1034348165495703,-0.0633823529411764,-0.0079648121730859,-0.2564766839378238,-0.3484568715378527,-0.0849383943370348,0.625120910634847,0
285,285,0.1518345042935207,0.243235294117647,0.0565858297669995,0.1016839378238342,-0.0472170931152729,0.0148193311793852,0.625120910634847,0
286,286,0.2363387978142077,0.1195588235294117,0.0323941987636708,-0.2295984455958549,-0.3091532577156423,0.0425298104895019,0.625120910634847,0
287,287,0.3060109289617487,-0.0767647058823529,-0.0083214455539706,-0.0667098445595854,-0.1899235030335003,0.1429033244350358,0.625120910634847,0
288,288,0.2580015612802498,0.0702941176470588,-0.0136709462672373,-0.4630829015544041,-0.4695331047217093,0.1158086335540328,0.625120910634847,0
289,289,0.1518345042935208,0.098235294117647,-0.0761412268188302,-0.0754533678756476,-0.0713532049591136,0.0807086930945516,0.625120910634847,0
290,290,0.1354410616705701,-0.0344117647058822,0.0305515929624345,-0.4015544041450777,-0.3637562648377737,0.0197456386122949,0.625120910634847,0
291,291,0.1580796252927401,0.1197058823529411,0.0168806466951972,-0.4086787564766839,-0.2413611184384067,0.0665455592249364,0.625120910634847,0
292,292,0.152224824355972,0.1092647058823529,-0.0085592011412268,-0.0573186528497409,-0.0793985755737272,0.1459822665806043,0.625120910634847,0
293,293,0.2373145979703357,0.0661764705882352,-0.0198525915359011,-0.108160621761658,-0.0738591400685834,0.2155663590704529,0.625120910634847,0
294,294,0.2798594847775176,0.0197058823529411,-0.0051117451260104,-0.1742227979274611,-0.0925877077288314,0.1502927855844002,0.625120910634847,0
295,295,0.1329039812646371,0.0015441176470588,-0.0567641464574418,-0.2393134715025906,-0.1984964389343181,0.0135877543211578,0.625120910634847,0
296,296,0.1994535519125684,0.1023529411764705,0.0267475035663338,-0.005181347150259,0.0519651806911105,-0.0418332042990755,0.625120910634847,0
297,297,0.1908665105386418,0.0076470588235294,-0.0660960532572516,-0.2273316062176165,-0.2189395937747296,-0.0295174357168014,0.625120910634847,0
298,298,0.3243559718969556,0.0323529411764705,-0.1494293865905849,-0.0589378238341968,0.0321814824584542,-0.0775489331876703,0.625120910634847,0
299,299,0.2363387978142077,0.079485294117647,-0.119472182596291,-0.0333549222797927,0.0404906357161699,0.0339087724819101,0.625120910634847,0
