,Unnamed: 0,0,1,2,3,4,5,6,mal
0,0,-0.019125683060109,-0.0551470588235293,0.1184022824536377,-0.1321243523316062,0.0174096544447375,0.0259035229034319,0.625120910634847,0
1,1,-0.072989851678376,0.0599999999999999,0.0769139324774133,-0.074481865284974,0.0295436560274334,-0.028285858858574,0.625120910634847,0
2,2,0.1670569867291179,0.158235294117647,0.0656205420827389,0.0764248704663212,0.0524927459773147,0.1034928649717587,0.625120910634847,0
3,3,0.1178766588602655,0.0394117647058823,-0.1030076081787922,-0.0569948186528497,0.0662094434186231,0.1675348615995839,0.625120910634847,0
4,4,0.055425448868072,-0.0436764705882352,-0.1239895387541608,-0.2668393782383419,-0.0432603534687417,0.1613769773084469,0.625120910634847,0
5,5,0.295472287275566,0.1792647058823529,-0.1428911079410367,0.0181347150259067,0.1624901081508837,0.1847769376147677,0.625120910634847,0
6,6,0.4076893052302889,0.0446323529411764,-0.0634807417974323,-0.270401554404145,-0.0313901345291479,0.1453664781514906,0.625120910634847,0
7,7,-0.0093676814988288,-0.0704411764705882,0.0691868758915835,-0.4436528497409326,-0.1461355842785544,-0.0147385134180725,0.625120910634847,0
8,8,-0.011709601873536,0.0230882352941176,0.2319305753685212,-0.1891191709844559,-0.0305987865998417,-0.0529173960231222,0.625120910634847,0
9,9,0.1631537861046058,-0.0054411764705881,0.1277936281502616,0.0518134715025907,0.0883671854391981,0.0086614468882482,0.625120910634847,0
10,10,0.037665886026542,0.0937499999999999,-0.0139681407513075,-0.2402849740932642,-0.1470588235294117,-0.061538434030714,0.625120910634847,0
11,11,0.3185011709601874,0.263235294117647,-0.0279362815026152,0.3795336787564767,0.1469269322078607,0.206945321062861,0.625120910634847,0
12,12,0.3348946135831382,-0.0311764705882352,0.0051117451260105,-0.1645077720207253,-0.0395673964653125,0.0529982137844349,0.625120910634847,0
13,13,0.2256049960967994,0.1054411764705882,-0.0306704707560629,-0.224740932642487,-0.280137166974413,0.0493034832097527,0.625120910634847,0
14,14,0.1096799375487901,0.0489705882352941,0.0421421778411794,-0.0100388601036268,0.1376945396992878,0.0511508484970938,0.625120910634847,0
15,15,0.1451990632318502,-0.0167647058823528,-0.0254398478364242,-0.1981865284974093,-0.1461355842785544,0.0271350997616593,0.625120910634847,0
16,16,0.0651834504293523,0.1074999999999999,0.0027341892534473,-0.1567357512953367,-0.1126351886045897,0.0406824452021608,0.625120910634847,0
17,17,0.048009367681499,0.0523529411764705,0.1878269139324774,-0.1878238341968911,-0.3284093906620944,0.0899455195312572,0.625120910634847,0
18,18,0.285128805620609,0.2185294117647059,-0.1113290537327628,-0.0420984455958548,-0.0088367185439197,0.0868665773856887,0.625120910634847,0
19,19,0.0948477751756443,-0.1444117647058823,0.0928435568235853,5.551115123125783e-17,-0.0440517013980479,0.1835453607565403,0.625120910634847,0
20,20,0.0132708821233414,0.0941176470588235,0.1603661436043747,-0.130181347150259,-0.0619889211289896,0.0505350600679801,0.625120910634847,0
21,21,0.0749414519906325,-0.0817647058823529,0.2286019971469329,0.1010362694300518,0.0743867053547876,0.059156098075572,0.625120910634847,0
22,22,0.2457064793130368,0.0492647058823529,0.0428554446029482,-0.2438471502590673,-0.3099446056449485,0.0560771559300034,0.625120910634847,0
23,23,0.2256049960967994,0.0342647058823529,0.0058250118877793,0.0362694300518134,-0.0406225270377209,0.0295982534781141,0.625120910634847,0
24,24,0.4371584699453553,0.1688235294117646,-0.2627199239182122,0.3419689119170985,0.2880506462674757,0.227882127652727,0.625120910634847,0
25,25,0.0673302107728339,0.0819117647058823,0.0263908701854493,-0.2367227979274611,-0.2509891849116328,0.0745508088034146,0.625120910634847,0
26,26,0.0335675253708043,0.0395588235294117,0.0725154541131717,-0.6113989637305699,-0.5605381165919282,0.0406824452021608,0.625120910634847,0
27,27,0.0558157689305232,0.0604411764705882,0.0867807893485496,-0.0906735751295336,-0.1245054075441835,-0.0319805894332562,0.625120910634847,0
28,28,0.1651053864168619,-0.0141176470588234,0.0408939610080837,0.2033678756476684,-0.2891057768398839,0.1010297112553039,0.625120910634847,0
29,29,0.2289227166276348,0.0188970588235294,-0.1228007608178793,-0.3384067357512953,-0.1607755209707201,0.0166666964667263,0.625120910634847,0
30,30,0.1471506635441062,-0.1094117647058823,-0.0860675225867808,-0.1327720207253885,-0.4439461883408072,0.1699980153160388,0.625120910634847,0
31,31,0.3376268540202967,0.1679411764705882,0.1798621017593912,-0.2202072538860103,-0.1363756264837773,0.059156098075572,0.625120910634847,0
32,32,0.0499609679937551,0.0648529411764705,0.1270803613884926,-0.2299222797927461,-0.4373516222632551,0.2106400516375433,0.625120910634847,0
33,33,-0.0798204527712721,0.0597058823529411,0.1575130765572991,0.2704015544041451,-0.0457662885782115,0.1102665376920094,0.6771705148471798,0
34,34,0.1327088212334116,0.2219117647058823,0.1519258202567761,-0.7461139896373057,-0.5207069374835136,0.0012719857388837,0.6771705148471798,0
35,35,0.0530835284933648,-0.0030882352941175,-0.3347598668568712,0.0816062176165803,-0.0514376154049063,0.1059560186882135,0.6771705148471798,0
36,36,0.312256049960968,0.0316176470588235,-0.1168568711364718,0.2072538860103627,-0.0469533104721709,0.1392085938603535,0.6771705148471798,0
37,37,0.0813817330210775,0.0122058823529412,0.0650855920114122,-0.2169689119170984,-0.1171194935373252,0.0566929443591171,0.6771705148471798,0
38,38,0.1733021077283373,0.0361764705882352,0.0382786495482644,-0.0194300518134714,-0.1213400158269585,-0.0418332042990755,0.6771705148471798,0
39,39,-0.072989851678376,0.0061764705882353,0.1232762719923917,0.1755181347150259,-0.0137166974413083,-0.0566121265978044,0.6771705148471798,0
40,40,0.1520296643247464,0.0508823529411765,0.1307655729909652,-0.1101036269430051,-0.2195990503824847,-0.1101857199306967,0.6771705148471798,0
41,41,0.0952380952380955,0.073235294117647,-0.1111507370423206,-0.1781088082901554,-0.1704035874439461,0.059156098075572,0.6771705148471798,0
42,42,0.5230288836846215,0.0586764705882352,0.0306704707560627,-0.2772020725388601,-0.4724347137958322,0.1983242830552692,0.6771705148471798,0
43,43,-0.0679156908665102,0.1311764705882352,0.1673799334284356,-0.0673575129533678,0.1184384067528356,0.044377175776843,0.6771705148471798,0
44,44,0.1910616705698674,0.0555882352941176,0.0342368045649073,-0.1269430051813471,-0.1466631495647586,0.0720876550869598,0.6771705148471798,0
45,45,0.1834504293520688,-0.0523529411764705,-0.0148597242035188,-0.3283678756476683,-0.6940121340015827,0.1478296318679454,0.6771705148471798,0
46,46,0.2556596409055426,-0.0654411764705881,0.2316928197812647,-0.0634715025906735,-0.0672645739910313,-0.0098122059851629,0.6771705148471798,0
47,47,0.1670569867291179,0.1376470588235294,0.087018544935806,-0.099740932642487,-0.0875758375098918,0.0061982931717934,0.6771705148471798,0
48,48,0.0509367681498831,0.071985294117647,0.040359010936757,0.0501943005181347,-0.0510419414402532,0.0061982931717934,0.6771705148471798,0
49,49,0.2564402810304451,0.1667647058823529,-0.2996909177365668,-0.2234455958549222,-0.0772883144289105,0.1761558996071758,0.6771705148471798,0
50,50,0.2045277127244341,0.0236764705882352,-0.1934141702330005,-0.2642487046632124,-0.0743867053547876,0.0739350203743009,0.6771705148471798,0
51,51,0.1151444184231072,-0.0204411764705881,-0.0677603423680457,-0.4987046632124352,-0.3903983117910841,0.0751665972325283,0.6771705148471798,0
52,52,0.0179547228727559,-0.0110294117647058,-0.0324536376604849,-0.207901554404145,-0.0718807702453178,-0.0467595117319851,0.6771705148471798,0
53,53,0.1350507416081189,0.1276470588235294,0.0561103185924869,-0.3225388601036268,-0.2571880770245317,-0.0122753597016177,0.6771705148471798,0
54,54,0.1662763466042155,-0.0083823529411764,0.1425344745601522,-0.057642487046632,0.0490635716169876,-0.0627700108889414,0.6771705148471798,0
55,55,0.2743950039032007,0.1273529411764705,0.216000951022349,0.1839378238341969,0.2173568979161172,0.0369877146274786,0.6771705148471798,0
56,56,0.2441451990632319,0.098235294117647,0.0651450309082263,0.1149611398963731,-0.0048799788973885,0.1453664781514906,0.6771705148471798,0
57,57,0.2279469164715067,-0.0383823529411764,-0.1241084165477889,-0.0194300518134714,-0.0044843049327353,0.1823137838983128,0.6771705148471798,0
58,58,0.224824355971897,0.1020588235294117,-0.3007608178792202,0.0874352331606218,0.1076233183856502,0.2500505111008204,0.6771705148471798,0
59,59,0.1760343481654958,-0.0319117647058822,-0.149488825487399,-0.1146373056994818,-0.0031653917172249,0.1435191128641495,0.6771705148471798,0
60,60,0.1112412177985951,0.0127941176470588,0.0537327627199238,0.2901554404145078,0.3371142178844633,0.0160509080376126,0.6771705148471798,0
61,61,0.0515222482435599,-0.080735294117647,0.2114835948644794,-0.38860103626943,-0.2761804273278818,-0.0356753200079384,0.6771705148471798,0
62,62,0.1151444184231072,0.1604411764705882,0.1613171659534,-0.1185233160621761,-0.1429701925613294,-0.0196648208509821,0.6771705148471798,0
63,63,0.1104605776736926,0.0843382352941176,0.0274607703281026,0.0414507772020725,-0.1086784489580585,0.0412982336312745,0.6771705148471798,0
64,64,0.0604996096799378,0.0719117647058823,-0.0889205896338565,0.2143782383419689,0.0429965708256397,0.2241873970780447,0.6771705148471798,0
65,65,0.3981264637002342,0.1036764705882353,0.043509272467903,-0.1509067357512953,-0.5985228171986283,0.2291137045109544,0.6771705148471798,0
66,66,0.2049180327868853,-0.0026470588235293,0.1256538278649548,-0.1379533678756476,0.0559219203376418,0.0271350997616593,0.6771705148471798,0
67,67,0.1409055425448869,0.02,-0.0604493580599145,0.0605569948186529,0.1210762331838565,0.0751665972325283,0.6771705148471798,0
68,68,0.0452771272443406,0.0313235294117647,0.0668093200190205,0.3989637305699481,0.2951727776312319,0.0456087526350705,0.6771705148471798,0
69,69,-0.0156128024980481,-0.0270588235294117,0.0572990965287685,-0.0233160621761657,0.0717488789237668,-0.0726226257547607,0.6771705148471798,0
70,70,0.2997658079625294,0.1306617647058823,-0.0581906799809795,-0.3115284974093264,-0.3266948034819308,0.0844034236692338,0.6771705148471798,0
71,71,0.2146760343481655,0.0544117647058823,-0.1707085116500238,0.2020725388601036,0.1983645476127671,0.1490612087261728,0.6771705148471798,0
72,72,0.0308352849336458,0.0554411764705882,-0.0683547313361864,0.0770725388601036,0.1340015826958586,0.1933979756223595,0.6771705148471798,0
73,73,0.0878220140515225,-0.0279411764705881,0.0885639562529718,-0.349740932642487,-0.1347929306251648,0.0776297509489831,0.6771705148471798,0
74,74,0.1217798594847777,0.0165441176470588,0.0011293390394675,-0.0906735751295336,-0.1441572144552888,-0.0055016869813669,0.6771705148471798,0
75,75,0.0948477751756443,0.1116176470588235,0.2026866381359962,-0.1010362694300517,-0.085201793721973,-0.034443743149711,0.6771705148471798,0
76,76,0.343871975019516,0.1929411764705882,-0.105206847360913,-0.0226683937823833,0.0836190978633606,-0.0147385134180725,0.6771705148471798,0
77,77,0.0284933645589385,-0.0013235294117646,0.0200903471231574,0.0518134715025907,-0.2534951200211026,0.1502927855844002,0.6771705148471798,0
78,78,0.3216237314597971,0.0239705882352941,-0.2794816928197813,0.0773963730569948,-0.0539435505143761,0.1835453607565403,0.6771705148471798,0
79,79,0.1014832162373148,-0.1344117647058823,0.0981930575368521,-0.2590673575129533,-0.0838828805064626,0.0997981343970765,0.6771705148471798,0
80,80,0.0964090554254491,0.0935294117647058,0.0816690442225391,-0.2137305699481865,-0.2118174624109733,-0.0652331646053963,0.6771705148471798,0
81,81,0.1424668227946917,0.0438235294117647,-0.0923680456490728,-0.0874352331606217,-0.1334740174096544,0.0640824055084816,0.6771705148471798,0
82,82,0.0093676814988293,0.0741176470588235,0.0483832620066571,0.1036269430051814,-0.305196518069111,0.1539875161590824,0.6771705148471798,0
83,83,0.0698672911787668,0.1455882352941176,0.1499048977650976,-0.1088082901554403,0.1685571089422316,0.0012719857388837,0.6771705148471798,0
84,84,0.0772833723653398,0.0611764705882352,0.1191155492154065,-0.2875647668393782,-0.3307834344500132,0.0209772154705223,0.6771705148471798,0
85,85,0.1026541764246685,0.1085294117647058,-0.0106990014265335,0.0142487046632124,-0.1944078079662358,0.0727034435160735,0.6771705148471798,0
86,86,0.2135050741608119,0.0470588235294117,0.0097479790775083,-0.2933937823834197,-0.4869427591664468,0.0369877146274786,0.6771705148471798,0
87,87,0.2599531615925059,0.0317647058823529,-0.1545411317165954,-0.207901554404145,-0.1828013716697441,0.1256612484198521,0.6771705148471798,0
88,88,0.3633879781420766,0.0876470588235294,0.112339514978602,-0.1677461139896373,0.0279609601688209,0.044377175776843,0.6771705148471798,0
89,89,0.0675253708040595,0.0208823529411764,-0.1180456490727532,0.2778497409326425,0.267211817462411,-0.0319805894332562,0.6771705148471798,0
90,90,0.0366900858704139,0.125735294117647,0.1747503566333809,-0.1806994818652849,-0.0841466631495647,0.0259035229034319,0.6771705148471798,0
91,91,0.2708821233411398,0.0980882352941176,-0.0285901093675701,-0.114961139896373,-0.170139804800844,0.0727034435160735,0.6771705148471798,0
92,92,0.2759562841530055,0.1495588235294118,-0.0064194008559202,-0.0382124352331605,-0.2358216829332629,0.2254189739362722,0.6771705148471798,0
93,93,0.0366900858704139,-0.0224999999999999,-0.0582501188777936,0.0835492227979275,0.1833289369559483,0.1367454401438987,0.6771705148471798,0
94,94,0.1311475409836068,0.0420588235294117,-0.1258915834522112,0.0764248704663212,0.0611975731996835,0.1170402104122602,0.6771705148471798,0
95,95,0.0364949258391884,0.0359558823529412,-0.0131954350927246,-0.0735103626943005,0.0047480875758375,0.054845579071776,0.6771705148471798,0
96,96,0.1409055425448869,0.0199999999999999,0.0874940561103186,0.0284974093264248,0.2614085993141652,-0.0159700902762999,0.6771705148471798,0
97,97,0.2244340359094458,0.0363235294117647,0.1411079410366144,-0.3737046632124352,-0.3661303086256924,-0.1181909695091748,0.6771705148471798,0
98,98,-0.0015612802498045,0.1261764705882352,0.1332620066571564,-0.1638601036269429,-0.2168293326299129,-0.0590752803142592,0.6771705148471798,0
99,99,0.2987900078064013,0.0417647058823529,-0.0682952924393724,-0.3442357512953368,-0.4699287786863624,0.0776297509489831,0.6771705148471798,0
100,100,0.2435597189695551,-0.0395588235294117,-0.1383737517831669,-0.1496113989637305,-0.0364020047480875,0.1182717872704876,0.6771705148471798,0
101,101,0.3067915690866512,0.1767647058823529,-0.0848787446504993,-0.2020725388601036,-0.1094697968873647,0.2315768582274092,0.6771705148471798,0
102,102,0.3391881342701015,0.0223529411764705,-0.1277936281502616,-0.3154145077720207,-0.1593247164336586,0.2303452813691818,0.6771705148471798,0
103,103,0.1329039812646371,-0.0158088235294117,-0.0954588682834047,-0.0773963730569947,0.0375890266420469,0.0314456187654553,0.6771705148471798,0
104,104,0.0811865729898519,0.0077941176470588,0.1639324774132192,-0.3270725388601035,-0.1540490635716169,-0.0258227051421192,0.6771705148471798,0
105,105,0.1733021077283373,0.110735294117647,0.1199476937708036,-0.0803108808290155,0.0203112635188604,-0.0640015877471688,0.6771705148471798,0
106,106,0.1055815768930525,0.0885294117647059,0.0485021398002853,0.0042098445595855,0.1345291479820628,0.0302140419072278,0.6771705148471798,0
107,107,-0.0351288056206086,0.0564705882352941,0.0408939610080837,-0.288860103626943,-0.2376681614349775,0.1170402104122602,0.6771705148471798,0
108,108,0.2626854020296644,0.1252941176470588,0.0162862577270566,-0.0822538860103626,-0.1266156686890002,0.086250788956575,0.6771705148471798,0
109,109,0.2220921155347385,0.040735294117647,-0.0582501188777936,-0.3685233160621761,-0.3956739646531258,0.0160509080376126,0.6771705148471798,0
110,110,0.2377049180327869,-0.0241911764705881,-0.1642296718972897,-0.4627590673575129,-0.3950145080453706,0.0222087923287497,0.6771705148471798,0
111,111,0.3583138173302108,0.0716176470588235,-0.0587256300523062,-0.1534974093264248,-0.0448430493273542,0.0566929443591171,0.6771705148471798,0
112,112,0.3750975800156129,0.0236764705882352,0.0315026153114598,-0.233160621761658,0.0081772619361646,0.0529982137844349,0.6771705148471798,0
113,113,0.0854800936768152,-0.0349999999999999,-0.0262719923918212,-0.1321243523316062,-0.0659456607755209,0.092408673247712,0.6771705148471798,0
114,114,0.1116315378610462,0.0658823529411765,0.0875534950071327,-0.2461139896373056,-0.1587971511474544,0.0745508088034146,0.6771705148471798,0
115,115,0.2455113192818112,0.1101470588235294,0.0701378982406087,-0.5006476683937824,-0.4252176206805592,0.0887139426730298,0.6771705148471798,0
116,116,0.2701014832162374,0.1036764705882353,-0.0860675225867808,-0.1930051813471502,-0.1086784489580585,0.1231980947033972,0.6771705148471798,0
117,117,0.2045277127244341,0.0598529411764705,-0.1011650023775559,0.0103626943005181,0.1717225006594566,0.1613769773084469,0.6771705148471798,0
118,118,0.1350507416081188,0.0035294117647059,-0.0606276747503566,-0.3154145077720207,-0.1002374043787918,0.0807086930945516,0.6771705148471798,0
119,119,0.2669789227166277,-0.0599999999999999,0.0778649548264384,-0.5589378238341969,-0.358744394618834,0.0086614468882482,0.6771705148471798,0
120,120,-0.1459797033567522,0.0626470588235294,0.265810746552544,-0.1787564766839378,-0.1210762331838564,-0.1206541232256297,0.6771705148471798,0
121,121,0.0761124121779862,0.1795588235294117,0.1655967665240133,0.0595854922279793,0.0625164864151938,-0.0849383943370348,0.6771705148471798,0
122,122,0.3343091334894614,0.1163970588235294,-0.0155729909652875,-0.2451424870466321,-0.4286467950408862,0.0295982534781141,0.6771705148471798,0
123,123,0.2634660421545668,0.0122058823529411,-0.1723728007608179,-0.1955958549222797,0.2445265101556318,0.0603876749337994,0.6771705148471798,0
124,124,0.334504293520687,0.073235294117647,-0.1564431764146458,-0.3387305699481865,-0.2672118174624109,0.1835453607565403,0.6771705148471798,0
125,125,-0.0288836846213892,-0.0404411764705881,0.007073228720875,-0.1991580310880829,-0.1603798470060669,0.092408673247712,0.6771705148471798,0
126,126,0.17096018735363,0.0176470588235294,0.1334997622444128,-0.4896373056994819,-0.3674492218412028,-0.0393700505826207,0.6771705148471798,0
127,127,0.1186572989851681,0.0958823529411764,0.0866619115549214,0.0291450777202072,-0.1047217093115272,-0.0048858985522532,0.6771705148471798,0
128,128,0.1896955503512881,0.0310294117647058,0.1231573941987637,-0.1327720207253885,-0.2513848588762859,-0.0147385134180725,0.6771705148471798,0
129,129,-0.0407884465261511,0.1370588235294117,0.0057061340941512,0.0589378238341969,-0.0920601424426272,0.0739350203743009,0.6771705148471798,0
130,130,0.3918813427010149,0.0261764705882352,-0.1944840703756539,-0.0194300518134714,-0.0857293590081772,0.1429033244350358,0.6771705148471798,0
131,131,0.3532396565183451,0.0410294117647058,-0.0570613409415122,-0.5660621761658031,-0.3845950936428383,0.1823137838983128,0.6771705148471798,0
132,132,0.224824355971897,-0.0555882352941175,-0.0400618164526868,-0.1457253886010362,-0.0395673964653125,0.0061982931717934,0.6771705148471798,0
133,133,0.2441451990632319,0.0597794117647058,0.042023300047551,-0.0841968911917098,-0.0406225270377209,-0.038754262153507,0.7317523374097212,0
134,134,0.2193598750975801,0.0736764705882352,0.0858297669995244,-0.1580310880829015,-0.2300184647850171,0.0394508683439334,0.7317523374097212,0
135,135,0.1225604996096802,-0.0430882352941175,0.1340941512125535,-0.1107512953367875,-0.072540226853073,-0.0147385134180725,0.7317523374097212,0
136,136,0.2295081967213115,0.1573529411764705,-0.0118877793628149,-0.3419689119170984,-0.3510946979688736,0.071471866657846,0.7317523374097212,0
137,137,0.1717408274785326,0.1153676470588235,-0.0677009034712316,-0.1764896373056994,-0.2288314428910577,0.1626085541666743,0.7317523374097212,0
138,138,0.1736924277907885,0.0310294117647058,-0.0240133143128863,-0.2415803108808289,-0.1936164600369295,0.1872400913312225,0.7317523374097212,0
139,139,-0.0714285714285711,-0.0979411764705882,0.0548026628625774,-0.2920984455958549,-0.2796096016882089,-0.0258227051421192,0.7317523374097212,0
140,140,0.1424668227946918,0.0589705882352941,-0.0270446980504042,-0.067681347150259,-0.1011606436296491,-0.0036543216940258,0.7317523374097212,0
141,141,0.252537080405933,0.0238235294117647,-0.1015216357584404,0.0142487046632124,-0.0759694012134001,0.1158086335540328,0.7317523374097212,0
142,142,0.2572209211553474,0.1183823529411764,-0.0363766048502141,0.0673575129533679,0.0772883144289106,0.0468403294932979,0.7317523374097212,0
143,143,0.1046057767369245,-0.0422058823529411,-0.0252020922491679,-0.5479274611398963,-0.3795832234238986,0.044377175776843,0.7317523374097212,0
144,144,0.1750585480093678,0.0640441176470588,0.1112696148359486,-0.3623704663212435,-0.2465048799788973,-0.007349052268708,0.7317523374097212,0
145,145,0.1830601092896175,0.0938235294117647,0.0419638611507371,0.3601036269430052,-0.3394882616723819,0.140440170718581,0.7317523374097212,0
146,146,0.2068696330991413,0.0705882352941176,-0.0063005230622918,-0.238341968911917,-0.0298074386705354,0.0628508286502542,0.7317523374097212,0
147,147,0.0800156128024983,0.1551470588235294,0.0076081787922016,0.0200777202072539,-0.0342917436032708,0.1182717872704876,0.7317523374097212,0
148,148,0.31128024980484,0.0319117647058823,-0.1566809320019021,-0.1279145077720206,-0.1453442363492482,0.1053402302590998,0.7317523374097212,0
149,149,0.3270882123341141,-0.0052941176470587,-0.174869234427009,-0.0835492227979274,0.0699024004220522,0.1761558996071758,0.7317523374097212,0
150,150,-0.1729117876658857,-0.1417647058823529,0.0441036614360438,0.0731865284974093,0.1975731996834608,-0.0085806291269354,0.7317523374097212,0
151,151,0.1026541764246685,0.1183823529411764,0.2192106514503091,-0.1036269430051813,-0.0838828805064626,-0.0812436637623525,0.7317523374097212,0
152,152,0.0848946135831384,0.0716176470588235,-0.0029125059438895,0.0035621761658031,0.0730677921392772,-0.0147385134180725,0.7317523374097212,0
153,153,-0.0101483216237311,0.0283823529411764,0.0336424155967665,-0.1968911917098445,-0.2144552888419941,-0.0184332439927547,0.7317523374097212,0
154,154,0.1545667447306792,0.1738235294117646,-0.0764384213029006,-0.3082901554404145,-0.3334212608810339,0.0899455195312572,0.7317523374097212,0
155,155,0.1243169398907105,0.0299264705882352,-0.2081550166428912,-0.0479274611398963,-0.0886309680823001,0.1453664781514906,0.7317523374097212,0
156,156,0.508977361436378,0.1322058823529411,-0.150261531145982,-0.0809585492227979,-0.0952255341598522,0.2328084350856366,0.7317523374097212,0
157,157,0.2142857142857143,-0.0594117647058823,-0.1044935805991441,-0.0718911917098445,0.0941704035874439,0.1330507095692165,0.7317523374097212,0
158,158,0.0284933645589385,0.0008823529411765,0.027698525915359,0.3685233160621762,0.4339224479029281,0.0739350203743009,0.7317523374097212,0
159,159,0.1733021077283374,0.0050735294117647,0.1397408464098907,-0.2775259067357513,-0.1514112371405961,-0.0301332241459151,0.7317523374097212,0
160,160,0.1440281030444965,0.060735294117647,-0.0559914407988588,-0.0064766839378237,0.0651543128462147,0.0357561377692512,0.7317523374097212,0
161,161,0.317720530835285,0.0661764705882352,-0.1166191155492154,-0.0317357512953367,-0.0324452651015562,0.1244296715616246,0.7317523374097212,0
162,162,0.2146760343481655,0.0266176470588235,-0.1888968140751308,-0.1172279792746113,0.0648905302031126,0.0505350600679801,0.7317523374097212,0
163,163,0.0421545667447309,0.0247794117647059,0.0259747979077508,-0.0793393782383419,0.0333685043524136,0.0345245609110238,0.7317523374097212,0
164,164,0.2907884465261515,0.1322058823529411,-0.0649072753209701,-0.4941709844559586,-0.3674492218412028,0.0345245609110238,0.7317523374097212,0
165,165,0.2045277127244341,0.1777941176470588,-0.1501426533523538,-0.3134715025906736,-0.2126088103402796,0.1108823261211231,0.7317523374097212,0
166,166,0.2092115534738486,-0.0729411764705882,-0.0550404184498335,-0.1191709844559585,0.0701661830651543,0.0357561377692512,0.7317523374097212,0
167,167,0.3635831381733022,0.0540441176470588,-0.1553138373751784,-0.0618523316062175,0.1622263255077816,0.0579245212173445,0.7317523374097212,0
168,168,0.0983606557377051,-0.1086764705882353,0.1124583927722301,-0.0945595854922279,-0.0245317858084937,0.086250788956575,0.7317523374097212,0
169,169,0.2814207650273225,0.1138235294117647,0.1094864479315264,0.3089378238341969,-0.1696122395146399,0.0837876352401201,0.7317523374097212,0
170,170,0.2086260733801718,0.0975,-0.158166904422254,-0.2862694300518134,-0.1341334740174096,0.1564506698755373,0.7317523374097212,0
171,171,0.0772833723653398,0.040735294117647,-0.0952211126961484,0.0893782383419689,0.1031390134529148,0.1010297112553039,0.7317523374097212,0
172,172,0.1436377829820453,0.0417647058823529,0.0880884450784593,0.2376943005181347,0.2566605117383277,0.1416717475768084,0.7317523374097212,0
173,173,0.2459016393442624,-0.0651470588235293,-0.0683547313361864,-0.1023316062176165,-0.0691110524927459,0.0603876749337994,0.7317523374097212,0
174,174,0.1553473848555816,0.0609558823529411,-0.0654422253922967,-0.0446891191709844,-0.0341598522817198,-0.0018069564066847,0.7317523374097212,0
175,175,0.2654176424668228,0.1538235294117647,-0.1500237755587257,0.344559585492228,0.34555526246373,0.1096507492628957,0.7317523374097212,0
176,176,0.0464480874316942,0.0380882352941176,-0.3125297194484071,-0.1003886010362694,0.1606436296491691,4.0408880656372936e-05,0.7317523374097212,0
177,177,0.1795472287275566,0.0124999999999999,-0.1553732762719924,-0.1904145077720206,-0.1719862833025586,0.0517666369262075,0.7317523374097212,0
178,178,0.1467603434816551,0.0758088235294117,0.1286852116024727,-0.2610103626943004,-0.0458981798997625,0.1065718071173272,0.7317523374097212,0
179,179,0.0179547228727559,-0.1188235294117646,0.3174037089871612,-0.1632124352331606,-0.2131363756264837,-0.0467595117319851,0.7317523374097212,0
180,180,0.1822794691647151,0.1054411764705882,0.2313361864003804,0.1068652849740933,-0.2490108150883671,0.0234403691869771,0.7317523374097212,0
181,181,0.215456674473068,0.2116176470588235,-0.1024726581074655,0.0265544041450777,-0.1026114481667106,0.1699980153160388,0.7317523374097212,0
182,182,0.23224043715847,0.0905147058823529,-0.3795173561578698,-0.3212435233160622,0.1082827749934055,0.1435191128641495,0.7317523374097212,0
183,183,0.0667447306791571,-0.0526470588235293,-0.2093437945791726,-0.5446891191709844,-0.3252439989448694,0.0468403294932979,0.7317523374097212,0
184,184,0.1791569086651054,-0.0402941176470587,-0.0362577270565859,-0.0362694300518134,0.0888947507254022,0.0702402897996186,0.7317523374097212,0
185,185,0.200624512099922,-0.0366176470588234,-0.0456490727532096,-0.1832901554404145,-0.1522025850699023,-0.0664647414636236,0.7317523374097212,0
186,186,0.1446135831381733,0.0597794117647058,0.1749881122206371,-0.0884067357512953,-0.0183328936955948,-0.0713910488965333,0.7317523374097212,0
187,187,0.0562060889929744,-0.0202941176470587,0.1338563956252971,-0.2104922279792745,-0.248483249802163,-0.0590752803142592,0.7317523374097212,0
188,188,0.0152224824355974,0.0629411764705882,0.0282929148834998,0.1522020725388601,-0.0585597467686626,0.0308298303363415,0.7317523374097212,0
189,189,0.3579234972677595,0.3305882352941176,0.1098430813124108,0.1282383419689119,0.0245317858084938,0.2623662796830944,0.7317523374097212,0
190,190,0.109289617486339,-0.0305882352941175,-0.2552306229196386,-0.1845854922279792,-0.0168820891585333,0.2241873970780447,0.7317523374097212,0
191,191,0.2310694769711165,0.0755147058823529,-0.1668449833571089,-0.1502590673575129,-0.242416249010815,0.1484454202970591,0.7317523374097212,0
192,192,0.1752537080405933,-0.085735294117647,-0.1704707560627675,-0.2927461139896373,-0.1453442363492482,0.0431455989186156,0.7317523374097212,0
193,193,0.1576893052302889,0.0010294117647059,0.2193295292439372,-0.3050518134715025,-0.0999736217356897,-0.0319805894332562,0.7317523374097212,0
194,194,0.0651834504293523,0.1655882352941176,0.1223252496433666,0.0984455958549223,-0.1933526773938274,0.0640824055084816,0.7317523374097212,0
195,195,0.0837236533957847,0.0549264705882353,-0.0235972420351878,-0.0152202072538859,0.0606700079134793,0.038219291485706,0.7317523374097212,0
196,196,0.2002341920374708,0.1658823529411764,0.1428911079410366,0.0906735751295337,-0.0076496966499604,0.1047244418299861,0.7317523374097212,0
197,197,0.0277127244340361,0.0811764705882353,0.1697574893009985,-0.2862694300518135,-0.2959641255605381,0.0727034435160735,0.7317523374097212,0
198,198,0.2829820452771273,0.0789705882352941,-0.0227056585829767,-0.2299222797927461,-0.2898971247691901,0.0936402501059394,0.7317523374097212,0
199,199,0.1900858704137393,-0.029485294117647,-0.0754873989538754,-0.231541450777202,-0.2459773146926932,0.0579245212173445,0.7317523374097212,0
200,200,0.3415300546448088,0.1911764705882352,-0.0219923918212078,0.0446891191709845,-0.0712213136375626,0.1133454798375779,0.7317523374097212,0
201,201,0.0507416081186575,0.0414705882352941,-0.303732762719924,-0.410621761658031,0.0113426536533896,-0.0159700902762999,0.7317523374097212,0
202,202,0.0741608118657301,-0.0147058823529411,0.0034474560152163,-0.38860103626943,-0.3197045634397256,0.0283666766198867,0.7317523374097212,0
203,203,0.0802107728337239,0.1075735294117646,0.1076438421302901,-0.0284974093264248,-0.0844104457926668,0.0345245609110238,0.7317523374097212,0
204,204,0.1143637782982048,0.0080882352941176,0.0805991440798858,-0.2253886010362694,-0.0364020047480875,0.086250788956575,0.7317523374097212,0
205,205,0.1498829039812647,0.0880882352941176,0.1012838801711839,-0.060880829015544,-0.1366394091268794,0.1256612484198521,0.7317523374097212,0
206,206,0.1163153786104608,0.0180882352941176,0.0853542558250118,-0.363341968911917,-0.3059878659984173,0.1410559591476947,0.7317523374097212,0
207,207,0.3598750975800157,0.0348529411764705,-0.0658582976699952,-0.3180051813471502,-0.3154840411500923,0.0837876352401201,0.7317523374097212,0
208,208,-0.0070257611241215,-0.0788235294117647,-0.0603899191631003,-0.2759067357512953,-0.2286995515695067,0.0357561377692512,0.7317523374097212,0
209,209,0.1955503512880562,0.0698529411764705,-0.1159058487874465,-0.280440414507772,-0.2186758111316275,0.1355138632856713,0.7317523374097212,0
210,210,0.1053864168618268,-0.0428676470588234,0.1125178316690441,-0.0061528497409325,-0.1357161698760221,0.0222087923287497,0.7317523374097212,0
211,211,0.2185792349726776,0.0823529411764705,0.1685687113647169,-0.0252590673575129,-0.0501187021893959,-0.0172016671345273,0.7317523374097212,0
212,212,-0.0405932864949255,0.0676470588235294,0.1063956252971944,0.0323834196891192,-0.0266420469533104,0.1564506698755373,0.7317523374097212,0
213,213,0.1814988290398127,0.1566176470588235,-0.0007132667617687,-0.2189119170984455,-0.2724874703244526,0.0763981740907557,0.7317523374097212,0
214,214,0.1695940671350509,0.0074264705882352,0.0218140751307656,-0.0556994818652849,0.0147718280137167,0.1435191128641495,0.7317523374097212,0
215,215,0.2564402810304451,-0.0248529411764705,-0.1590584878744651,-0.2739637305699481,-0.2804009496175151,0.1995558599134966,0.7317523374097212,0
216,216,0.133489461358314,-0.1085294117647058,0.0914170233000476,-0.2655440414507771,-0.2165655499868108,0.065313982366709,0.7317523374097212,0
217,217,0.0948477751756443,0.0755882352941176,-0.0227056585829767,-0.1003886010362693,-0.0776839883935636,-0.0067332638395943,0.7317523374097212,0
218,218,0.2740046838407495,0.0189705882352941,-0.0452924393723251,-0.0505181347150258,-0.1893959377472962,0.0074298700300208,0.7317523374097212,0
219,219,0.224824355971897,0.1664705882352941,-0.1703518782691394,-0.0291450777202072,-0.1553679767871273,0.0948718269641668,0.7317523374097212,0
220,220,0.3430913348946136,-0.016470588235294,0.2253922967189728,0.1288860103626943,0.3745713532049592,0.0357561377692512,0.7317523374097212,0
221,221,0.2004293520686965,0.0274264705882352,0.0801236329053732,-0.1029792746113989,-0.0611975731996834,0.1041086534008724,0.7317523374097212,0
222,222,0.2950819672131148,-0.0816176470588235,0.2662862577270566,-0.1431347150259067,-0.1287259298338169,0.086250788956575,0.7317523374097212,0
223,223,0.3825136612021858,-0.0157352941176469,0.2612933903946742,-0.5148963730569949,-0.4901081508836718,0.1626085541666743,0.7317523374097212,0
224,224,0.2900078064012491,0.2417647058823529,-0.1528768426058013,0.0090673575129534,-0.0295436560274333,0.0961034038223942,0.7317523374097212,0
225,225,0.2053083528493366,0.1140441176470588,-0.1887779362815027,0.0255829015544041,0.0197836982326563,0.2401978962350011,0.7317523374097212,0
226,226,0.0316159250585482,-0.1508823529411764,-0.0341179267712791,-0.0990932642487046,0.1717225006594566,0.1613769773084469,0.7317523374097212,0
227,227,0.0300546448087434,-0.0877941176470588,0.1103185924869234,-0.3996113989637305,-0.125824320759694,0.038219291485706,0.7317523374097212,0
228,228,0.1190476190476193,0.0711764705882352,0.2107703281027103,-0.02720207253886,0.0182010023740438,-0.0874015480534896,0.7317523374097212,0
229,229,0.0378610460577676,-0.0072058823529411,0.1434854969091773,-0.3199481865284974,-0.2582432075969401,-0.11572781579272,0.7317523374097212,0
230,230,0.2941061670569868,0.0758823529411764,-0.0150380408939609,-0.2156735751295336,-0.1833289369559482,0.0289824650490004,0.7317523374097212,0
231,231,0.2021857923497268,-0.0266176470588234,-0.0180694246314789,-0.0990932642487046,-0.1031390134529147,0.038219291485706,0.7317523374097212,0
232,232,0.3992974238875879,0.1875,-0.1197099381835473,-0.3471502590673574,-0.3059878659984173,0.1330507095692165,0.7317523374097212,0
233,233,0.1574941451990634,0.0211029411764705,-0.1406324298621018,-0.1580310880829015,0.0349512002110261,0.196476917767928,0.7840735865355799,0
234,234,0.2220921155347385,-0.0519117647058823,-0.0393485496909177,-0.3581606217616579,-0.0989184911632814,0.0936402501059394,0.7840735865355799,0
235,235,0.0320062451209994,0.0802941176470588,-0.0515929624346173,-0.1353626943005181,-0.0838828805064626,-0.0245911282838918,0.7840735865355799,0
236,236,-0.0620608899297421,-0.0358823529411764,-0.0063005230622918,0.1703367875647669,-0.0276971775257187,0.0899455195312572,0.7840735865355799,0
237,237,0.0747462919594069,0.1050735294117646,0.0782215882073229,0.0272020725388601,0.2690582959641256,-0.0430647811573029,0.7840735865355799,0
238,238,0.1288056206088995,0.0773529411764705,0.1015216357584403,-0.2532383419689119,-0.2104985491954629,0.065313982366709,0.7840735865355799,0
239,239,0.1939890710382514,0.0442647058823529,0.03792201616738,-0.2370466321243523,-0.3656027433394882,0.086250788956575,0.7840735865355799,0
240,240,0.3411397345823576,0.1201470588235293,0.0342368045649073,-0.0589378238341968,-0.0767607491427063,0.0739350203743009,0.7840735865355799,0
241,241,0.2250195160031227,-0.0144852941176469,0.0243105087969567,-0.3241580310880828,-0.387101028752308,0.0529982137844349,0.7840735865355799,0
242,242,0.2607338017174083,0.1633823529411764,-0.0679980979553021,-0.3704663212435233,-0.0247955684515958,0.0209772154705223,0.7840735865355799,0
243,243,0.0370804059328652,-0.1280882352941176,-0.018188302425107,-0.380181347150259,-0.4476391453442363,0.0616192517920268,0.7840735865355799,0
244,244,0.249024199843872,0.0155882352941176,0.2692582025677602,0.0479274611398964,0.219994724347138,0.032061407194569,0.7840735865355799,0
245,245,0.2029664324746292,0.018235294117647,-0.030908226343319,0.1881476683937823,0.2257979424953838,0.0837876352401201,0.7840735865355799,0
246,246,-0.1354410616705695,0.0847058823529411,-0.1408701854493581,-0.0252590673575129,0.1142178844632023,0.0037351394553385,0.7840735865355799,0
247,247,0.0046838407494147,0.0402941176470588,-0.0165240133143129,-0.0246113989637305,-0.0364020047480875,0.1330507095692165,0.7840735865355799,0
248,248,0.0604996096799378,0.1179411764705882,0.0840466000951022,0.0854922279792746,-0.0282247428119229,0.1478296318679454,0.7840735865355799,0
249,249,0.2326307572209212,-0.0430147058823529,-0.0468972895863052,-0.1930051813471502,-0.0575046161962542,0.0536140022135486,0.7840735865355799,0
250,250,0.0562060889929744,0.0239705882352941,-0.0097479790775082,0.1994818652849741,0.1123714059614877,0.011124600604703,0.7840735865355799,0
251,251,0.094457455113193,0.0998529411764705,-0.0217546362339515,-0.1016839378238341,-0.5557900290160906,0.0468403294932979,0.7840735865355799,0
252,252,0.2310694769711164,0.0847058823529411,-0.0901093675701379,-0.3704663212435233,-0.2178844632023212,0.0086614468882482,0.7840735865355799,0
253,253,0.2357533177205309,0.0963970588235294,-0.0868996671421779,-0.0764248704663212,-0.0747823793194407,0.0905613079603709,0.7840735865355799,0
254,254,0.0066354410616708,-0.0172058823529411,0.0189015691868759,-0.1269430051813471,-0.2500659456607755,0.1367454401438987,0.7840735865355799,0
255,255,0.2256049960967994,-0.0095588235294117,-0.0046362339514979,-0.0382124352331605,0.1281983645476128,0.0640824055084816,0.7840735865355799,0
256,256,0.2950819672131148,-0.0236764705882352,-0.0479077508321446,-0.2538860103626943,-0.1131627538907939,0.0739350203743009,0.7840735865355799,0
257,257,0.2097970335675255,0.0438970588235294,0.0430932001902044,0.0058290155440414,-0.2970192561329464,0.0807086930945516,0.7840735865355799,0
258,258,0.0214676034348168,0.0244117647058823,0.1724916785544461,-0.2895077720207253,-0.179372197309417,0.004966716313566,0.7840735865355799,0
259,259,0.2252146760343482,0.0841176470588235,0.0540893961008084,-0.4637305699481865,-0.3706146135584278,-0.0024227448357984,0.7840735865355799,0
260,260,0.1920374707259954,-0.0760294117647059,-0.0974797907750832,0.0226683937823834,-0.0253231337378,0.1133454798375779,0.7840735865355799,0
261,261,0.2181889149102265,0.0579411764705882,-0.1088326200665716,-0.0472797927461139,-0.0183328936955947,0.1429033244350358,0.7840735865355799,0
262,262,0.0281030444964873,0.043235294117647,-0.0059438896814075,-0.3691709844559585,-0.2505935109469797,0.0419140220603882,0.7840735865355799,0
263,263,0.2529274004683842,-0.0097058823529411,-0.0260342368045649,0.0874352331606218,0.4726984964389343,-0.0997173166357637,0.7840735865355799,0
264,264,0.1530054644808745,0.1030882352941176,-0.0833927722301474,-0.1567357512953367,-0.2178844632023212,-0.0153543018471862,0.7840735865355799,0
265,265,0.2537080405932866,0.073235294117647,-0.0860675225867808,-0.2318652849740932,-0.1975731996834608,0.119503364128715,0.7840735865355799,0
266,266,0.1725214676034349,0.0133823529411764,0.0776271992391822,0.0511658031088083,-0.0635716169876021,0.1293559789945343,0.7840735865355799,0
267,267,0.3590944574551132,-0.0263235294117646,-0.0505230622919639,-0.4533678756476683,-0.2854128198364547,0.0887139426730298,0.7840735865355799,0
268,268,-0.0046838407494142,0.0551470588235294,0.0892772230147408,0.0323834196891192,0.0813769453969928,0.0542297906426623,0.7840735865355799,0
269,269,0.0288836846213898,0.0291176470588235,0.1417023300047551,0.0518134715025907,0.0042205222896333,0.0283666766198867,0.7840735865355799,0
270,270,0.224824355971897,0.055735294117647,0.0851165002377556,-0.457901554404145,-0.4268003165391717,0.0061982931717934,0.7840735865355799,0
271,271,0.2416081186572991,-0.0354411764705881,0.0089158345221113,-0.0900259067357512,-0.2316011606436296,0.0468403294932979,0.7840735865355799,0
272,272,0.2314597970335676,0.10375,-0.1531740370898716,-0.1181994818652849,-0.0102875230809812,0.1096507492628957,0.7840735865355799,0
273,273,0.1666666666666667,0.0547058823529411,-0.119472182596291,0.1962435233160622,0.273278818253759,0.1022612881135313,0.7840735865355799,0
274,274,0.1373926619828261,0.0238235294117647,0.0637184973846886,-0.3581606217616579,-0.21392772355579,0.0369877146274786,0.7840735865355799,0
275,275,-0.0491803278688521,0.0477941176470588,0.1128150261531146,-0.2532383419689119,-0.2761804273278818,-0.0418332042990755,0.7840735865355799,0
276,276,0.249024199843872,0.1448529411764706,0.0683547313361865,-0.3141191709844559,-0.5036929570034292,0.0148193311793852,0.7840735865355799,0
277,277,0.388368462138954,0.0998529411764705,-0.0357822158820732,-0.555699481865285,-0.2592983381693484,0.0837876352401201,0.7840735865355799,0
278,278,0.1459797033567526,-0.0483823529411764,-0.0834522111269615,-0.3620466321243523,-0.2445265101556317,0.0554613675008897,0.7840735865355799,0
279,279,0.2665886026541765,0.0752205882352941,-0.057774607703281,-0.1716321243523315,-0.0990503824848324,0.1312033442818754,0.7840735865355799,0
280,280,0.0694769711163156,0.0276470588235294,0.1256538278649548,-0.3290155440414507,-0.5447111580058033,0.0185140617540675,0.7840735865355799,0
281,281,-0.0807962529274002,0.0860294117647058,0.1840228245363766,-0.1392487046632124,-0.0759694012134001,-0.0837068174788074,0.7840735865355799,0
282,282,0.0901639344262297,0.0055882352941177,0.0655016642891108,-0.1327720207253885,-0.2300184647850171,0.0468403294932979,0.7840735865355799,0
283,283,0.216432474629196,0.048235294117647,0.0810152163575844,-0.0058290155440414,-0.0232128725929833,0.0246719460452045,0.7840735865355799,0
284,284,0.2665886026541765,-0.0524999999999999,0.087018544935806,0.1560880829015544,0.0108150883671854,0.1847769376147677,0.7840735865355799,0
285,285,0.1233411397345826,0.103235294117647,-0.0356633380884451,0.0200777202072539,-0.0197836982326562,0.0283666766198867,0.7840735865355799,0
286,286,0.2501951600312256,0.1633823529411764,0.038754160722777,-0.0200777202072538,-0.223423898707465,0.1096507492628957,0.7840735865355799,0
287,287,0.1129976580796254,0.0363970588235294,0.0037446504992867,-0.005181347150259,-0.110261144816671,0.1336664979983302,0.7840735865355799,0
288,288,0.1424668227946917,-0.011470588235294,-0.1027104136947218,0.0408031088082901,-0.1023476655236085,0.0850192120983475,0.7840735865355799,0
289,289,0.1588602654176425,0.193235294117647,-0.0645506419400857,0.1483160621761658,0.0419414402532313,0.1502927855844002,0.7840735865355799,0
290,290,0.1145589383294303,-0.0112499999999999,0.0842843556823584,-0.3607512953367875,-0.1719862833025586,0.0973349806806216,0.7840735865355799,0
291,291,0.1502732240437159,0.0519117647058823,0.0488587731811697,-0.2752590673575129,-0.1851754154576628,0.0135877543211578,0.7840735865355799,0
292,292,0.1194379391100705,0.0286764705882352,-0.0200903471231574,0.0051813471502591,-0.0749142706409917,0.0837876352401201,0.7840735865355799,0
293,293,0.252537080405933,0.0063235294117647,0.0562291963861151,-0.2875647668393782,-0.0551305724083355,0.044377175776843,0.7840735865355799,0
294,294,0.1424668227946917,0.0251470588235294,0.08547313361864,-0.0362694300518134,-0.1052492745977314,-0.0110437828433903,0.7840735865355799,0
295,295,0.3134270101483217,0.1122058823529411,-0.0208036138849263,-0.3141191709844559,-0.2505935109469797,0.1539875161590824,0.7840735865355799,0
296,296,0.2950819672131148,0.0063970588235294,0.0096885401806943,-0.081282383419689,-0.0626483777367448,0.1521401508717413,0.7840735865355799,0
297,297,0.2455113192818112,0.0880882352941176,0.0795292439372326,-0.0181347150259066,-0.012925349512002,-0.0492226654484399,0.7840735865355799,0
298,298,0.1748633879781421,-0.033970588235294,0.0580123632905373,-0.0427461139896372,-0.2606172513848588,0.1047244418299861,0.7840735865355799,0
299,299,0.2872755659640906,0.0222058823529411,0.0386352829291488,-0.1340673575129533,-0.0962806647322605,0.0751665972325283,0.7840735865355799,0
