,0,1,2,3,4,5,6,mal
0,0.3352849336455894,0.04632352941176471,-0.2042320494531622,0.10686528497409331,0.20390398311791086,0.18970324504767733,0.7840735865355799,0
1,0.23711943793911022,0.04014705882352941,-0.15703756538278657,-0.1703367875647668,0.08335531522025852,0.15090857401351396,0.7840735865355799,0
2,0.019125683060109547,-0.05235294117647053,0.15442225392296727,0.03626943005181349,0.15721445528884204,-0.002422744835798449,0.7840735865355799,0
3,0.12099921935987536,-0.0295588235294117,0.15204469805040433,-0.3400259067357513,-0.2608810340279609,-0.05661212659780443,0.7840735865355799,0
4,0.22521467603434825,-0.04926470588235289,0.3131241084165477,-0.19106217616580307,0.09153257715642313,-0.1883908504281372,0.7840735865355799,0
5,0.1535909445745513,0.09095588235294116,0.05949833571088925,-0.2574481865284974,-0.30282247428119224,0.02467194604520455,0.7840735865355799,0
6,0.38056206088992983,0.10529411764705882,-0.17510699001426538,-0.14054404145077717,-0.013189132155104172,0.2106400516375433,0.7840735865355799,0
7,0.44925839188134276,0.14985294117647058,-0.40347123157394205,0.06865284974093269,0.05222896333421262,0.3017767391463716,0.7840735865355799,0
8,0.1373926619828261,-0.10551470588235294,-0.09355682358535422,-0.185880829015544,0.012661566868900048,0.16691907317047028,0.7840735865355799,0
9,0.058548009367681744,-0.06897058823529412,0.11150737042320502,-0.12564766839378236,-0.0651543128462147,-0.15636985211422458,0.7840735865355799,0
10,0.19711163153786113,0.21470588235294116,0.2163575844032335,0.07901554404145084,0.05407544183592722,-0.051685819164894814,0.7840735865355799,0
11,-0.09640905542544859,-0.1361764705882353,0.151093675701379,-0.4449481865284974,-0.46056449485623846,-0.034443743149711076,0.7840735865355799,0
12,0.19457455113192826,0.19602941176470587,0.013849262957679631,-0.021696891191709797,-0.12371405961487732,-0.0061174754104806744,0.7840735865355799,0
13,0.4035909445745512,0.06044117647058823,-0.2742510699001427,-0.19235751295336784,-0.09021366394091265,0.2672925871160041,0.7840735865355799,0
14,0.26854020296643255,0.04794117647058823,-0.12779362815026163,0.18199481865284978,0.20548667897652345,0.2266505507944996,0.7840735865355799,0
15,0.04254488680718216,0.07352941176470588,0.008202567760342339,0.022668393782383472,0.23661303086256935,0.051766636926207546,0.7840735865355799,0
16,0.01346604215456701,-0.0014705882352940847,0.07423918212077985,0.23639896373056996,0.2538907939857558,-0.02520691671300551,0.7840735865355799,0
17,0.025370804059328914,-0.016911764705882286,0.01818830242510705,-0.43134715025906734,-0.60379847006067,-0.08863312491171707,0.7840735865355799,0
18,0.48204527712724443,0.11661764705882352,-0.0014265335235378318,-0.516839378238342,-0.34080717488789236,-0.04552793487375775,0.7840735865355799,0
19,0.17135050741608127,0.10338235294117647,-0.10984308131241094,0.2597150259067358,-0.20047480875758372,0.10472444182998614,0.7840735865355799,0
20,0.3284543325526933,0.115,-0.06865192582025692,-0.1868523316062176,-0.16024795568451594,0.1958611293388144,0.7840735865355799,0
21,-0.10616705698672885,-0.2667647058823529,-0.019139324774132105,-0.28756476683937826,0.20416776576101298,0.08255605838189277,0.7840735865355799,0
22,0.11943793911007052,0.0625,0.25344745601521634,-0.5045336787564767,-0.364811395410182,-0.04060162744084812,0.7840735865355799,0
23,0.12880562060889947,-0.008235294117647026,0.08333333333333348,-0.1593264248704663,-0.2921392772355579,-0.014122724988958835,0.7840735865355799,0
24,0.3056206088992975,0.21749999999999997,-0.19852591535901098,0.3128238341968912,-0.07860722764442096,0.0727034435160735,0.7840735865355799,0
25,0.3087431693989072,0.08764705882352941,-0.19341417023300056,-0.15738341968911915,0.2207860722764443,0.08009290466543795,0.7840735865355799,0
26,0.19242779078844663,0.07823529411764706,-0.02817403708987165,-0.27914507772020725,0.017409654444737563,0.11950336412871504,0.7840735865355799,0
27,0.2006245120999221,0.030294117647058857,-0.02692582025677598,-0.24417098445595853,-0.04035874439461881,0.10349286497175872,0.7840735865355799,0
28,0.2853239656518346,-0.13941176470588237,-0.012601046124583959,-0.3775906735751295,-0.5046161962542864,0.11088232612112317,0.7840735865355799,0
29,0.26814988290398134,-0.027499999999999934,-0.31098430813124117,0.2007772020725389,0.3012397784225799,-0.0381384737243933,0.7840735865355799,0
30,-0.06830601092896146,6.331740687315346e-17,0.0368521160247266,-0.12629533678756474,-0.49749406489053016,0.01112460060470305,0.7840735865355799,0
31,0.15671350507416099,0.07860294117647061,-0.08208511650023786,-0.49158031088082904,-0.22909522553415984,-0.04429635801553035,0.8307619867541889,0
32,0.1225604996096802,0.04823529411764706,-0.055753685211602455,-0.12564766839378236,-0.23265629121603795,0.05299821378443495,0.8307619867541889,0
33,0.28649492583918823,0.10426470588235294,0.27187351402757964,0.029145077720207274,0.03323661303086259,0.11950336412871504,0.8307619867541889,0
34,0.1608118657298986,-0.027352941176470524,0.07061340941512129,-0.2577720207253886,-0.2764442099709839,0.07147186665784609,0.8307619867541889,0
35,0.2919594067135052,-0.011323529411764646,-0.15656205420827396,-0.22053108808290153,0.08876285940385123,0.086250788956575,0.8307619867541889,0
36,0.32591725214676043,0.05808823529411764,0.007013789824060868,-0.19106217616580307,-0.4924821946715906,0.030829830336341596,0.8307619867541889,0
37,0.12529274004683866,0.0752941176470588,-0.019020446980504035,0.06282383419689125,0.2157742020575047,0.02836667661988678,0.8307619867541889,0
38,0.2636612021857924,0.07963235294117646,-0.022943414170232934,-0.12111398963730566,-0.18913215510419412,0.05484557907177608,0.8307619867541889,0
39,0.031323185011709775,0.0316544117647059,-0.10205658582976712,-0.09455958549222795,0.2540226853073069,0.010200917961032493,0.8307619867541889,0
40,-0.08484582357533157,0.007665441176470632,-0.14161317165953408,-0.0812823834196891,0.4756001055130573,-0.012121412594339298,0.8307619867541889,0
41,-0.20101483216237287,-0.01632352941176464,-0.1811697574893011,-0.06800518134715022,0.6971775257188078,-0.034443743149711076,0.8307619867541889,0
42,0.18188914910226395,0.026470588235294117,-0.06217308606752264,-0.09974093264248701,-0.1274070166183065,0.140440170718581,0.8307619867541889,0
43,0.19028103044496503,0.12588235294117645,-0.06484783642415609,-0.29306994818652843,-0.09364283830123976,0.07024028979961869,0.8307619867541889,0
44,0.03434816549570674,0.025735294117647058,0.07929148834997635,-0.45012953367875647,-0.29174360327090476,-0.05538054973957704,0.8307619867541889,0
45,0.22209211553473857,0.008676470588235292,0.00939134569662392,0.06152849740932648,0.06198892112898974,-0.05784370345603185,0.8307619867541889,0
46,0.15066354410616714,-0.04926470588235289,-0.08856395625297203,-0.12499999999999997,-0.26510155631759424,0.016050908037612693,0.8307619867541889,0
47,0.2866900858704139,0.11080882352941179,-0.24732524964336666,0.06573834196891193,0.09654444737536272,0.113345479837578,0.8307619867541889,0
48,0.17876658860265426,-0.00808823529411758,0.11507370423204943,-0.530440414507772,-0.3357953046689528,0.07886132780721054,0.8307619867541889,0
49,0.3727556596409056,0.1508823529411764,0.08487874465049916,5.551115123125783e-17,-0.12767079926140856,0.0012719857388837769,0.8307619867541889,0
50,0.026541764246682545,-0.011617647058823469,-0.26735615786971006,0.2014248704663213,0.09100501187021895,0.16630328474135658,0.8307619867541889,0
51,0.12451209992193617,-0.02632352941176465,0.19430575368521152,-0.21308290155440412,-0.22513848588762858,0.01420354275027158,0.8307619867541889,0
52,0.2568306010928963,0.21514705882352939,0.08594864479315267,0.1658031088082902,-0.030335003956739617,0.10349286497175872,0.8307619867541889,0
53,0.0015612802498051193,0.010588235294117643,-0.05563480741797433,-0.21049222797927458,-0.2624637298865734,0.0997981343970765,0.8307619867541889,0
54,0.10792349726775975,-0.010294117647058822,-0.05830955777460778,0.19073834196891193,-0.20126615668688996,0.11580863355403281,0.8307619867541889,0
55,0.04137392661982853,0.011176470588235291,0.040418449833571124,-0.026554404145077676,-0.4632023212872593,0.06654555922493645,0.8307619867541889,0
56,0.15339578454332561,0.09367647058823528,0.02746077032810268,0.09326424870466327,0.07042996570825641,0.11580863355403281,0.8307619867541889,0
57,0.06323185011709627,0.02926470588235294,-0.020446980504041867,-0.31606217616580307,-0.026905829596412537,0.0012719857388837769,0.8307619867541889,0
58,0.21096799375487907,-0.02272058823529409,-0.02347836424155969,-0.004209844559585438,-0.1271432339752044,-0.0381384737243933,0.8307619867541889,0
59,0.1143637782982048,-0.007794117647058762,0.05254398478364242,0.4060880829015544,0.141387496702717,0.09856655753884909,0.8307619867541889,0
60,0.38329430132708825,-0.004999999999999937,0.15204469805040433,-0.06735751295336785,-0.1564231073595357,-0.019664820850982173,0.8307619867541889,0
61,0.2661982825917253,0.12264705882352936,-0.08856395625297203,-0.34844559585492224,-0.4104457926668425,0.08255605838189277,0.8307619867541889,0
62,0.13212334113973476,0.08088235294117646,-0.18961008083689967,-0.07804404145077716,-0.14336586652598257,0.20201901362995142,0.8307619867541889,0
63,0.3118657298985169,-0.043382352941176414,-0.10259153590109377,-0.047279792746113936,0.006330783434450038,0.200787436771724,0.8307619867541889,0
64,0.1725214676034349,0.05058823529411764,-0.05706134094151222,-0.05051813471502585,0.09918227380638356,0.09240867324771204,0.8307619867541889,0
65,0.06440281030444991,0.008823529411764702,-0.3228720874940562,-0.19170984455958545,-0.04035874439461881,-0.011043782843390304,0.8307619867541889,0
66,0.11533957845433274,0.04977941176470588,0.2523181169757489,-0.09067357512953364,0.13743075705618574,-0.016585878705413643,0.8307619867541889,0
67,0.16198282591725224,0.11382352941176471,0.06359961959106042,-0.11722797927461137,-0.22131363756264835,0.02713509976165937,0.8307619867541889,0
68,0.1491022638563623,0.011617647058823528,-0.21338563956252982,0.3329015544041451,-0.12661566868900023,0.1268928252780795,0.8307619867541889,0
69,0.270296643247463,0.0725735294117647,-0.10437470280551603,-0.13277202072538857,-0.07372724874703243,0.12135072941605615,0.8307619867541889,0
70,0.12138953942232657,0.04499999999999999,0.08440323347598666,0.10556994818652854,0.027433394882616757,0.2377347425185463,0.8307619867541889,0
71,0.21896955503512888,0.08220588235294117,0.1443176414645745,0.11722797927461145,0.3210234766552362,0.15398751615908246,0.8307619867541889,0
72,0.38407494145199067,0.012794117647058822,-0.14669519733713748,-0.4339378238341969,-0.1849116328145608,0.05299821378443495,0.8307619867541889,0
73,0.10850897736143657,0.05242647058823529,-0.022883975273418955,0.150259067357513,0.03996307042996572,0.0991823459679628,0.8307619867541889,0
74,-0.04059328649492555,-0.01382352941176464,0.3289348549690918,-0.39961139896373055,-0.20917963597995248,-0.10956993150158303,0.8307619867541889,0
75,0.31420765027322417,0.19073529411764703,0.2363290537327627,-0.25,-0.22500659456607752,0.07516659723252832,0.8307619867541889,0
76,-0.007806401249023931,-0.12235294117647058,0.12517831669044222,0.15090673575129537,-0.45739910313901344,0.14906120872617284,0.8307619867541889,0
77,0.39812646370023425,0.29867647058823527,-0.36864003804089407,-0.21891191709844557,-0.15563175943022947,0.10226128811353132,0.8307619867541889,0
78,-0.003317720530835011,-0.02080882352941176,0.05373276271992389,-0.28465025906735747,0.11118438406752834,-0.008580629126935496,0.8307619867541889,0
79,-0.08352849336455867,-0.0010294117647058152,0.24441274369947696,-0.155440414507772,-0.13954101820100234,0.04684032949329791,0.8307619867541889,0
80,0.15846994535519135,0.039411764705882354,0.09177365668093196,-0.29533678756476683,-0.2529675547348984,-0.007349052268708078,0.8307619867541889,0
81,0.31733021077283385,0.16544117647058823,0.02698525915359018,0.20336787564766845,-0.006330783434449996,0.08994551953125722,0.8307619867541889,0
82,0.028298204527712978,0.0558823529411765,-0.0563480741797433,-0.3306347150259067,-0.18992350303350036,0.045608752635070506,0.8307619867541889,0
83,0.5878220140515223,0.19308823529411764,-0.05932001902044698,0.12564766839378244,0.10445792666842524,0.15275593930085507,0.8307619867541889,0
84,0.21077283372365346,-0.031029411764705826,-0.15905848787446514,-0.09974093264248701,-0.008441044579266657,0.19216639876413216,0.8307619867541889,0
85,0.24043715846994546,0.0438235294117647,-0.20298383262006664,-0.3743523316062176,-0.3033500395673965,0.06777713608316387,0.8307619867541889,0
86,0.031615925058548267,-0.04955882352941171,-0.05694246314788398,-0.280440414507772,-0.12160379847006064,0.09733498068062169,0.8307619867541889,0
87,0.4352068696330992,-0.012794117647058758,0.05563480741797433,0.27331606217616583,0.3729886573463467,-0.07631735632944292,0.8307619867541889,0
88,0.07064793130366928,0.1686764705882353,0.14598193057536846,-0.01554404145077716,0.04299657082563971,-0.0233595514256644,0.8307619867541889,0
89,0.14363778298204546,-0.005588235294117614,0.05807180218735142,-0.05634715025906732,-0.2323925085729359,0.07578238566164203,0.8307619867541889,0
90,0.37782982045277136,0.12176470588235296,-0.21433666191155504,-0.11917098445595851,-0.05644948562384593,0.17246116903249362,0.8307619867541889,0
91,0.17330210772833732,-0.010147058823529353,-0.12589158345221124,0.04987046632124356,0.6974413083619098,0.15029278558440026,0.8307619867541889,0
92,0.1182669789227169,0.0019117647058824131,-0.09498335710889211,-0.16126943005181343,-0.1783170667370087,0.14659805500971804,0.8307619867541889,0
93,0.19437939110070274,0.03242647058823532,-0.10009510223490259,0.11398963730569953,0.1499604326035347,0.10718759554644094,0.8307619867541889,0
94,0.26502732240437166,0.16294117647058823,-0.0213980028530672,-0.1703367875647668,0.11289897124769194,0.08132448152366537,0.8307619867541889,0
95,0.05035128805620635,-0.09382352941176471,-0.3434379457917262,-0.689119170984456,-0.15457662885782114,-0.09479100920285413,0.8307619867541889,0
96,0.17096018735363008,-0.09691176470588235,-0.014146457441749971,0.03756476683937826,0.05724083355315224,-0.0061174754104806744,0.8307619867541889,0
97,0.15456674473067933,-0.020441176470588237,0.3007013789824061,-0.21275906735751293,-0.21551041941440247,-0.0713910488965333,0.8307619867541889,0
98,0.03434816549570674,0.19176470588235292,0.025677603423680417,0.29339378238341973,0.3795832234238988,0.023440369186977145,0.8307619867541889,0
99,0.13153786104605802,0.04470588235294117,-0.168449833571089,-0.2733160621761658,-0.3434450013189132,0.17861905332363065,0.8307619867541889,0
100,0.2661982825917253,0.08919117647058822,0.11560865430337608,-0.3604274611398963,-0.4869427591664468,0.1552190930173099,0.8307619867541889,0
101,0.20530835284933652,0.036470588235294116,0.022111269614836004,-0.005181347150259016,0.14349775784753366,0.22049266650336255,0.8307619867541889,0
102,0.2236533957845434,-0.13573529411764707,0.08285782215882065,-0.2933937823834197,-0.04642574518596674,0.04807190635152532,0.8307619867541889,0
103,0.25526932084309145,0.020588235294117643,0.002020922491678623,-0.22279792746113986,-0.5375890266420469,0.0456087526350705,0.8307619867541889,0
104,0.26932084309133497,0.1338235294117647,-0.17165953399904904,-0.1658031088082901,-0.005539435505143742,0.16938222688692509,0.8307619867541889,0
105,0.11280249804839995,-0.03838235294117641,0.166904422253923,-0.3089378238341969,-0.0356106568187813,-0.034443743149711076,0.8307619867541889,0
106,0.17096018735363008,0.06735294117647057,0.11709462672372806,0.09391191709844565,0.10498549195462942,-0.02828585885857403,0.8307619867541889,0
107,0.15925058548009377,-0.12426470588235294,0.2057774607703281,0.19365284974093272,-0.14138749670271694,0.07639817409075572,0.8307619867541889,0
108,0.18911007025761142,0.03742647058823532,0.20874940561103184,-0.19106217616580307,-0.5044843049327354,-0.006733263839594383,0.8307619867541889,0
109,0.28727556596409065,0.10029411764705881,0.08036138849262953,-0.37240932642487046,-0.320759694012134,-0.0036543216940258527,0.8307619867541889,0
110,0.35050741608118663,0.105,-0.03435568235853531,-0.03432642487046628,0.08071748878923768,0.030829830336341596,0.8307619867541889,0
111,0.22521467603434825,0.004117647058823593,-0.22990965287684267,-0.25,-0.34792930625164864,0.022208792328749734,0.8307619867541889,0
112,0.24921935987509775,0.057132352941176495,-0.08933666191155498,0.13018134715025909,0.17976787127407018,0.28145572098561933,0.8307619867541889,0
113,0.2459016393442624,0.03764705882352941,-0.23204945316214937,-0.31606217616580307,0.12529675547348987,0.12442967156162468,0.8307619867541889,0
114,0.04527712724434062,-0.04926470588235289,0.03673323823109842,-0.23898963730569944,-0.16037984700606697,0.04068244520216087,0.8307619867541889,0
115,0.18149882903981274,-0.05382352941176465,0.12303851640513552,-0.056347150259067336,-0.18201002374043784,0.03821929148570605,0.8307619867541889,0
116,0.28727556596409065,0.06323529411764706,-0.040418449833571124,-0.2865932642487046,-0.3306515431284621,0.13551386328567136,0.8307619867541889,0
117,0.02341920374707286,0.10426470588235294,0.2467902995720399,-0.0025906735751294874,0.06489053020311267,0.06654555922493645,0.8307619867541889,0
118,0.03942232630757246,0.09294117647058824,0.1315977175463624,-0.2338082901554404,-0.12345027697177523,-0.012275359701617722,0.8307619867541889,0
119,0.07259953161592524,-0.023455882352941146,0.037149310508796995,-0.25485751295336784,-0.3218148245845423,0.07393502037430091,0.8307619867541889,0
120,0.18696330991412968,0.07161764705882352,0.04648121730860677,-0.36722797927461137,-0.3874967027169612,-0.0381384737243933,0.8307619867541889,0
121,0.2088212334113974,0.03176470588235294,0.10128388017118395,0.344559585492228,0.1801635452387233,0.059156098075572,0.8307619867541889,0
122,0.3005464480874318,0.00470588235294124,-0.04541131716595331,-0.27072538860103623,-0.5958849907676075,0.09610340382239427,0.8307619867541889,0
123,0.16354410616705714,0.08264705882352945,-0.16708273894436532,0.02623056994818654,0.07029807438670535,0.13736122857301247,0.8307619867541889,0
124,0.22833723653395793,-0.03705882352941171,-0.16119828815977183,-0.4935233160621762,-0.42732788182537584,0.0727034435160735,0.8307619867541889,0
125,0.14012490241998465,0.03470588235294117,-0.021992391821207824,-0.34520725388601037,-0.2550778158797151,0.1256612484198521,0.8307619867541889,0
126,0.13544106167057013,-0.002647058823529348,-0.04778887303851653,-0.016839378238341918,-0.2608810340279609,0.05422979064266237,0.8307619867541889,0
127,0.1457845433255271,0.02808823529411767,0.18223965763195438,-0.405440414507772,-0.3119229754682142,0.030829830336341596,0.8307619867541889,0
128,0.2806401249024201,0.005588235294117711,0.06538278649548257,-0.42616580310880825,-0.09258770772883142,-0.029517435716801446,0.8307619867541889,0
129,0.3106947697111633,0.1026470588235294,-0.11864003804089407,0.4948186528497409,0.4151938802426801,0.0874823658148024,0.8307619867541889,0
130,0.20062451209992202,0.016911764705882352,-0.2016167379933429,0.45272020725388606,0.07148509628066477,0.24389262680968335,0.8307619867541889,0
131,0.19730679156908681,0.0836764705882353,0.03554446029481695,-0.3384067357512953,-0.05420733315747819,0.07639817409075572,0.8673353235351158,0
132,0.08860265417642493,0.01352941176470588,-0.09450784593437955,-0.1120466321243523,-0.11870218939593773,0.16014540045021952,0.8673353235351158,0
133,0.2825917252146761,-0.03764705882352935,-0.10496909177365676,-0.06217616580310878,0.17567924030598792,0.08501921209834759,0.8673353235351158,0
134,0.1377829820452774,0.1026470588235294,-0.12672372800760823,-0.5356217616580311,-0.3057240833553152,-0.013506936559845126,0.8673353235351158,0
135,0.16803278688524606,0.01051470588235297,0.06187589158345219,-0.05148963730569944,0.08111316275389086,0.04622454106418421,0.8673353235351158,0
136,0.15768930523028893,0.08352941176470588,0.20339990489776516,-0.2538860103626943,0.06726457399103142,0.05792452121734459,0.8673353235351158,0
137,0.1338797814207653,-0.03499999999999994,0.049928673323823114,-0.11075129533678754,-0.03903983117910839,0.04684032949329791,0.8673353235351158,0
138,0.28298204527712734,0.07544117647058825,0.17344270090347125,0.24481865284974097,0.32498021630176743,0.10102971125530391,0.8673353235351158,0
139,0.14539422326307588,-0.01463235294117644,-0.03298858773181168,-0.2017487046632124,-0.2732788182537589,0.06038767493379941,0.8673353235351158,0
140,0.21038251366120228,0.08426470588235294,-0.12244412743699484,-0.19559585492227977,-0.3128462147190715,0.09487182696416686,0.8673353235351158,0
141,0.18969555035128816,0.057499999999999996,-0.071921065145031,0.13601036269430056,-0.008177261936164582,0.020977215470522323,0.8673353235351158,0
142,0.10206869633099158,0.07110294117647063,0.05985496909177368,0.020401554404145122,-0.04194144025323132,0.08440342366923388,0.8673353235351158,0
143,0.25448868071818903,0.13044117647058823,-0.04446029481692826,-0.09909326424870463,-0.08546557636507515,0.27714520198182335,0.8673353235351158,0
144,0.2661982825917253,-0.0669117647058823,-0.32192106514503105,-0.16450777202072536,-0.09654444737536268,0.18847166818944994,0.8673353235351158,0
145,0.21662763466042162,0.0776470588235294,0.04862101759391346,-0.010362694300518088,0.7090477446584015,0.07516659723252832,0.8673353235351158,0
146,0.21877439500390328,0.004411764705882386,0.04434141702330008,-0.2946891191709844,-0.35214982854128196,0.14598226658060431,0.8673353235351158,0
147,0.14324746291959414,0.00573529411764712,0.14419876367094642,0.2338082901554404,0.20601424426272757,0.059156098075572,0.8673353235351158,0
148,0.08313817330210799,0.054705882352941174,0.2174274845458869,-0.35945595854922274,-0.30677921392772356,0.0049667163135660025,0.8673353235351158,0
149,0.06986729117876685,0.08264705882352939,0.09034712315739413,-0.2603626943005181,-0.12978106040622525,0.06038767493379941,0.8673353235351158,0
150,0.2652224824355973,0.04654411764705882,-0.0968854018069425,-0.19689119170984454,-0.12991295172777628,0.10410865340087243,0.8673353235351158,0
151,0.31420765027322417,-0.029999999999999936,-0.11352829291488359,-0.6917098445595855,-0.06278026905829595,0.008661446888248242,0.8673353235351158,0
152,0.1416861826697893,0.11897058823529413,0.05278174037089867,0.14831606217616583,0.10393036138222106,0.09487182696416686,0.8673353235351158,0
153,-0.008977361436377562,0.03382352941176471,0.07394198763670956,0.011010362694300557,0.40068583487206555,-0.0061174754104806744,0.8673353235351158,0
154,0.31850117096018743,0.10794117647058823,-0.16940085592011422,-0.03950777202072535,-0.08665259825903453,0.19216639876413216,0.8673353235351158,0
155,0.0019516003122563297,-0.0583823529411764,0.14752734189253447,-0.27979274611398963,-0.22025850699024002,0.051766636926207546,0.8673353235351158,0
156,0.3871975019516004,0.06338235294117647,0.13195435092724683,0.0006476683937824412,0.03666578739118967,0.11088232612112317,0.8673353235351158,0
157,0.14461358313817346,-0.007941176470588203,-0.016702330004755128,-0.0764248704663212,-0.0005275652862041513,0.12997176742364802,0.8673353235351158,0
158,0.28376268540202976,0.07132352941176469,0.14954826438421298,-0.04274611398963726,-0.35742548140332364,0.08994551953125722,0.8673353235351158,0
159,0.09211553473848581,-0.06102941176470583,0.04885877318116971,-0.19041450777202068,-0.15615932471643362,0.17615589960717584,0.8673353235351158,0
160,0.08548009367681525,-0.0095588235294117,-0.015216357584403262,0.09779792746113994,0.10498549195462942,-0.03937005058262072,0.8673353235351158,0
161,0.2503903200624513,0.10845588235294121,-0.0382192106514504,-0.21599740932642483,-0.1773938274861514,0.05361400221354866,0.8673353235351158,0
162,0.014832162373146246,-0.10323529411764705,0.08547313361864006,-0.3393782383419689,-0.4893168029543656,0.03206140719456901,0.8673353235351158,0
163,0.3411397345823576,-0.006911764705882286,-0.06169757489301009,-0.1832901554404145,-0.20706937483513582,0.01112460060470305,0.8673353235351158,0
164,0.5152224824355973,0.3197058823529412,0.025083214455539737,-0.2914507772020725,0.0216301767343709,0.23157685822740925,0.8673353235351158,0
165,0.1262685402029666,-0.040367647058823536,-0.05278174037089878,-0.08549222797927457,0.0054075441835927385,0.08194026995277906,0.8673353235351158,0
166,0.09679937548790035,0.023088235294117646,-0.041488349976224415,-0.3711139896373057,-0.22975468214191502,0.03821929148570605,0.8673353235351158,0
167,0.17486338797814216,-0.009999999999999936,0.10449358059914415,-0.28432642487046633,-0.21999472434713793,0.01974563861229492,0.8673353235351158,0
168,0.07338017174082774,-0.024558823529411702,-0.002139800285306692,-0.30958549222797926,-0.2872592983381693,0.020977215470522323,0.8673353235351158,0
169,0.1612021857923499,0.04970588235294117,0.025737042320494563,-0.03821243523316058,-0.1594566077552097,0.10965074926289577,0.8673353235351158,0
170,0.25448868071818903,-0.028529411764705817,-0.05480266286257729,-0.10362694300518131,-0.3402796096016882,0.17615589960717584,0.8673353235351158,0
171,0.3005464480874318,0.04147058823529411,-0.09831193533048038,-0.25129533678756477,-0.15721445528884198,0.12442967156162468,0.8673353235351158,0
172,0.20296643247462928,-0.0975,0.05468378506894911,-0.08031088082901552,0.1479820627802691,0.04437717577684309,0.8673353235351158,0
173,0.13251366120218597,0.04058823529411765,0.06044935805991436,-0.12111398963730567,-0.12094434186230543,0.00619829317179342,0.8673353235351158,0
174,0.371584699453552,0.08617647058823528,-0.024488825487399002,-0.23834196891191708,-0.1616987602215774,0.07886132780721054,0.8673353235351158,0
175,0.23341139734582367,0.06485294117647059,-0.14015691868758923,-0.19106217616580307,-0.21076233183856502,0.14659805500971804,0.8673353235351158,0
176,0.22892271662763475,0.07580882352941179,-0.20655016642891116,-0.006476683937823788,0.03824848324980218,0.1435191128641495,0.8673353235351158,0
177,0.4160811865729899,-0.040735294117646995,-0.10342368045649081,-0.04792746113989632,0.22817198628330265,0.10718759554644094,0.8673353235351158,0
178,0.06167056986729144,-0.24485294117647055,-0.014146457441749971,-0.35168393782383417,-0.014508045370614592,0.06038767493379941,0.8673353235351158,0
179,0.13700234192037497,0.11955882352941176,0.1793865905848787,-0.19235751295336784,-0.163545238723292,-0.07385420261298811,0.8673353235351158,0
180,0.010928961748634058,0.041102941176470585,0.19192819781264858,-0.2665155440414507,-0.39844368240569766,-0.06400158774716888,0.8673353235351158,0
181,0.18227946916471516,0.0475,0.03601997146932956,-0.2564766839378238,-0.30783434450013186,0.02467194604520455,0.8673353235351158,0
182,0.4043715846994536,0.037500000000000006,-0.1686875891583453,-0.09067357512953364,-0.6370350830915326,0.140440170718581,0.8673353235351158,0
183,0.09758001561280268,0.08647058823529415,-0.11864003804089407,0.1016839378238342,0.2569242943814298,0.2555926069628437,0.8673353235351158,0
184,0.10889929742388785,-0.08426470588235292,0.1752258678078935,0.15997409326424877,0.11817462410973359,0.24635578052613816,0.8673353235351158,0
185,0.00234192037470754,0.014558823529411763,0.0999762244412743,-0.17681347150259064,0.20021102611448172,0.0012719857388837769,0.8673353235351158,0
186,0.08704137392662009,-0.011176470588235229,0.022705658582976795,-0.3387305699481865,-0.3360590873120548,-0.013506936559845126,0.8673353235351158,0
187,0.13290398126463718,0.1264705882352941,-0.07941036614360442,0.08193005181347154,-0.1752835663413347,0.0449929642059568,0.8673353235351158,0
188,0.45277127244340365,0.03911764705882353,-0.20233000475511187,-0.31670984455958545,-0.4882616723819572,0.16507170788312914,0.8673353235351158,0
189,0.17017954722872763,0.05794117647058823,-0.12601046124583937,-0.1237046632124352,0.1537852809285149,0.17738747646540326,0.8673353235351158,0
190,0.1963309914129587,-0.03264705882352935,-0.13064669519733724,-0.2292746113989637,-0.19493537325243998,0.09733498068062169,0.8673353235351158,0
191,-0.00917252146760314,-0.11639705882352942,0.20524251069900135,-0.13374352331606212,0.024136111843840707,-0.03629110843705219,0.8673353235351158,0
192,-0.03981264637002316,0.12132352941176473,0.24013314312886358,0.12176165803108813,-0.020047480875758347,-0.1342014686661312,0.8673353235351158,0
193,0.2380952380952382,0.10926470588235293,0.041250594388968165,-0.05051813471502585,-0.1764705882352941,-0.03321216629148367,0.8673353235351158,0
194,0.22599531615925067,0.04632352941176471,-0.03471231573941991,-0.185880829015544,-0.4990767607491427,0.08009290466543795,0.8673353235351158,0
195,0.27595628415300555,0.12169117647058825,-0.14259391345696631,0.039507772020725446,0.07122131363756268,0.23835053094765998,0.8673353235351158,0
196,0.32943013270882127,0.13941176470588232,-0.2636709462672374,-0.3257772020725388,-0.24215246636771298,0.22418739707804478,0.8673353235351158,0
197,0.2041373926619829,0.03897058823529412,-0.3032572515454114,0.19559585492227982,0.2830387760485361,0.21556635907045293,0.8673353235351158,0
198,-0.08548009367681472,-0.08441176470588235,0.14990489776509763,-0.2979274611398963,-0.1076233183856502,0.08871394267302982,0.8673353235351158,0
199,0.08821233411397372,-0.022794117647058763,-0.026747503566333708,-0.20077720207253882,0.04721709311527306,-0.043064781157302945,0.8673353235351158,0
200,0.20140515222482444,0.043529411764705886,-0.03435568235853531,0.13924870466321249,-0.5204431548404115,0.17985063018185807,0.8673353235351158,0
201,0.25761124121779866,0.0825,0.04636233951497859,-0.17681347150259064,0.13373780005275654,0.050535060067980135,0.8673353235351158,0
202,0.18169398907103843,0.09551470588235293,0.08987161198288163,-0.032059585492227954,0.03534687417567925,0.1312033442818754,0.8673353235351158,0
203,0.030444964871194635,-0.05529411764705876,-0.12815026153114606,-0.44624352331606215,-0.2777631231864943,0.10965074926289577,0.8673353235351158,0
204,0.44457455113192823,0.14794117647058821,-0.18259629101283886,-0.20531088082901552,-0.23080981271432338,0.06408240550848163,0.8673353235351158,0
205,0.1186572989851681,0.06470588235294117,0.0284117926771279,-0.1120466321243523,0.11817462410973359,0.049303483209752724,0.8673353235351158,0
206,0.0013661202185794863,-7.352941176467197e-05,0.1973371374227294,0.08516839378238344,0.06383539963070436,-0.019664820850982173,0.8673353235351158,0
207,0.5499609679937549,0.08044117647058822,-0.03090822634331908,-0.12759067357512952,-0.42811922975468214,0.086250788956575,0.8673353235351158,0
208,0.3614363778298205,0.08294117647058823,0.07822158820732295,0.17810880829015552,-0.18543919810076495,0.20201901362995142,0.8673353235351158,0
209,0.1963309914129587,-0.011911764705882292,-0.2572515454113173,-0.28303108808290156,-0.3109997362173569,0.12935597899453433,0.8673353235351158,0
210,0.23282591725214685,-0.012058823529411764,0.13522349025202085,-0.18749999999999997,-0.011342653653389587,0.09487182696416686,0.8673353235351158,0
211,-0.10304449648711922,0.0425,0.08357108892058962,0.44818652849740936,0.22210498549195473,0.06285082865025422,0.8673353235351158,0
212,0.18852459016393452,0.10794117647058823,0.039942938659058624,-0.24805699481865284,-0.13558427855447108,0.009893023746475646,0.8673353235351158,0
213,0.2156518345042937,-0.00830882352941173,0.029719448407037552,-0.5864637305699483,-0.5217620680559218,-0.013506936559845126,0.8673353235351158,0
214,0.4480874316939892,0.03661764705882353,-0.023537803138373836,-0.11852331606217614,-0.0015826958586124817,0.012356177462930468,0.8673353235351158,0
215,0.27634660421545676,0.2502941176470588,0.002377555872562942,0.07772020725388606,-0.33896069638617776,0.2118716284957707,0.8673353235351158,0
216,-0.001561280249804592,0.04897058823529411,0.18045649072753212,-0.2772020725388601,-0.06884726984964387,0.11211390297935059,0.8673353235351158,0
217,0.26249024199843884,0.02727941176470591,-0.1524013314312887,-0.10589378238341965,-0.20627802690582958,0.08748236581480241,0.8673353235351158,0
218,0.14480874316939898,-0.03647058823529406,0.0578934854969092,-0.2564766839378238,-0.2769717752571881,0.06408240550848163,0.8673353235351158,0
219,0.08938329430132735,-0.06897058823529412,0.09878744650499283,-0.10686528497409323,-0.10841466631495646,0.020977215470522323,0.8673353235351158,0
220,0.06049960967993781,0.0005882352941177105,0.20149786019971472,-0.16968911917098442,0.29860195199155903,-0.08493839433703484,0.8673353235351158,0
221,0.24726775956284164,0.09352941176470589,-0.02823347598668574,-0.27882124352331605,-0.25270377209179634,-0.002422744835798449,0.8673353235351158,0
222,0.38173302107728335,0.07558823529411765,0.012957679505468334,-0.03173575129533675,-0.5346874175679239,0.1552190930173099,0.8673353235351158,0
223,0.20257611241217807,0.006470588235294181,0.08000475511174521,-0.05051813471502585,-0.007649696649960416,0.17861905332363065,0.8673353235351158,0
224,0.06752537080405958,0.13970588235294118,0.07013789824060879,-0.15349740932642483,0.2653653389606965,0.04068244520216087,0.8673353235351158,0
225,0.13134270101483236,-0.06044117647058819,0.049215406562054365,-0.3150906735751295,-0.405697705091005,0.0720876550869598,0.8673353235351158,0
226,0.12490241998438745,0.1202941176470588,0.16702330004755128,0.12823834196891198,0.04537061461355846,0.017282484895840097,0.8673353235351158,0
227,-0.019125683060109006,0.05044117647058823,0.09914407988587737,-0.5537564766839378,-0.6531258243207597,-0.0098122059851629,0.8673353235351158,0
228,0.5464480874316942,0.18264705882352938,-0.16428911079410374,-0.15867875647668392,-0.050910050118702165,0.14906120872617284,0.8673353235351158,0
229,0.1500780640124904,-0.01838235294117647,-0.024726581074655196,-0.15641191709844557,-0.048931680295436535,0.11088232612112317,0.8673353235351158,0
230,0.02302888368462165,0.019558823529411764,-0.003922967189728954,0.11075129533678763,0.1461355842785545,0.06408240550848163,0.8673353235351158,0
231,0.14246682279469172,0.04029411764705882,-0.006181645268663771,-0.42681347150259064,-0.47850171458718016,0.04684032949329791,0.903051267284491,0
232,0.05796252927400494,-0.05102941176470587,0.05777460770328102,-0.14443005181347146,-0.23041413874967026,-0.02828585885857403,0.903051267284491,0
233,0.28727556596409065,0.07735294117647058,0.07299096528768434,-0.288860103626943,-0.2218412028488525,-0.05538054973957704,0.903051267284491,0
234,-0.1471506635441059,0.05852941176470588,0.042439372325249636,0.02784974093264253,-0.09153257715642309,-0.03074901257502885,0.903051267284491,0
235,0.09133489461358339,0.06617647058823528,-0.0399429386590584,0.06217616580310886,-0.10498549195462936,0.11704021041226023,0.903051267284491,0
236,0.19828259172521484,0.04669117647058823,-0.023300047551117586,0.08225388601036274,-0.023476655236085442,0.15275593930085507,0.903051267284491,0
237,0.15886026541764256,-0.12602941176470586,-0.01890156918687591,-0.15608808290155438,-0.1305724083355315,0.13920859386035359,0.903051267284491,0
238,0.17525370804059337,-0.040588235294117585,0.041488349976224526,-0.2856217616580311,-0.20891585333685042,0.07762975094898314,0.903051267284491,0
239,0.09914129586260759,0.011617647058823528,-0.05777460770328108,-0.27525906735751293,-0.25956212081245056,0.09117709638948464,0.903051267284491,0
240,0.21116315378610467,-0.03558823529411759,-0.0660960532572516,-0.3264248704663212,-0.32920073859140064,0.04068244520216087,0.903051267284491,0
241,0.4352068696330992,0.025735294117647058,-0.016048502139800358,-0.34715025906735747,-0.279873384331311,0.06161925179202682,0.903051267284491,0
242,0.09445745511319306,0.05058823529411764,0.02734189253447461,-0.13018134715025903,-0.034819308889475056,-0.011043782843390304,0.903051267284491,0
243,-0.1967213114754096,0.00838235294117647,0.21659533999048985,0.4112694300518135,0.37879187549459253,0.03575613776925123,0.903051267284491,0
244,-0.029664324746291687,0.03602941176470588,0.2700903471231574,-0.34196891191709844,-0.2693220786072276,0.0037351394553385986,0.903051267284491,0
245,0.29430132708821244,0.054411764705882354,0.015216357584403317,-0.02590673575129529,-0.16591928251121074,0.0012719857388837769,0.903051267284491,0
246,0.33021077283372374,0.11382352941176471,-0.012006657156443057,0.015544041450777257,-0.3985755737272487,0.1699980153160388,0.903051267284491,0
247,0.1143637782982048,-0.018088235294117586,-0.2332382310984309,-0.38989637305699476,-0.4816671063044051,0.17369274589072103,0.903051267284491,0
248,0.25175644028103056,-0.025588235294117585,-0.20363766048502147,-0.09585492227979273,-0.05275652862041676,0.18847166818944994,0.903051267284491,0
249,0.2423887587822015,-0.001764705882352939,-0.17956490727532104,-0.45628238341968913,-0.20403587443946186,0.13181913271098913,0.903051267284491,0
250,-0.047228727556596156,0.01426470588235294,0.1363528292914884,0.22150259067357514,0.21841202848852553,-0.051685819164894814,0.903051267284491,0
251,0.03551912568306037,-0.006470588235294054,0.2280076081787923,-0.5667098445595855,-0.4141387496702717,-0.19824346529395648,0.903051267284491,0
252,0.1963309914129587,0.030000000000000002,0.1947218259629101,-0.47603626943005184,-0.31495647586388814,-0.07878051004589776,0.903051267284491,0
253,0.1067525370804061,0.05904411764705882,0.09159533999048974,0.021696891191709894,-0.15708256396729092,-0.021512186138323286,0.903051267284491,0
254,0.14715066354410625,0.2551470588235294,0.025439847836424168,-0.16062176165803105,-0.24294381429701922,0.19093482190590474,0.903051267284491,0
255,0.31264637002341933,-0.09897058823529412,-0.22729434141702337,-0.06670984455958547,0.01899235030335006,0.17738747646540326,0.903051267284491,0
256,0.4039812646370024,0.1285294117647059,-0.27710413694721836,-0.040803108808290106,-0.024268003165391697,0.23404001194386406,0.903051267284491,0
257,0.17544886807181906,-0.046691176470588236,-0.0350095102234903,-0.24222797927461137,0.03231337378000529,0.14906120872617284,0.903051267284491,0
258,0.06791569086651081,0.062058823529411763,0.1538278649548266,-0.10168393782383417,-0.03429174360327088,-0.05414897288134962,0.903051267284491,0
259,0.14324746291959414,0.041176470588235294,0.09866856871136476,-0.1198186528497409,-0.10894223160116062,-0.043064781157302945,0.903051267284491,0
260,0.3391881342701015,0.03014705882352941,-0.04279600570613412,-0.20401554404145075,-0.3893431812186758,0.03945086834393346,0.903051267284491,0
261,0.23302107728337246,0.04867647058823533,5.551115123125783e-17,-0.41547927461139894,-0.20139804800844102,0.037603503056592345,0.903051267284491,0
262,0.13114754098360681,0.03470588235294117,0.031264859724203564,-0.18005181347150256,-0.009496175151675001,0.08871394267302982,0.903051267284491,0
263,0.2197501951600313,0.11661764705882352,-0.0368521160247266,-0.09715025906735748,-0.09918227380638352,0.0874823658148024,0.903051267284491,0
264,0.05054644808743196,-0.0320588235294117,0.08571088920589642,0.049870466321243534,-0.047876549723028204,0.043761387347729386,0.903051267284491,0
265,0.055425448868072075,0.06941176470588234,-0.05825011887779363,-0.017487046632124303,-0.17066737008704824,0.008661446888248242,0.903051267284491,0
266,0.17447306791569095,0.14220588235294118,-0.025558725630052403,-0.32836787564766834,-0.2732788182537589,0.09487182696416686,0.903051267284491,0
267,0.24121779859484788,-0.05132352941176464,-0.002258678078934817,0.033678756476683974,-0.1925613294645212,0.15891382359199213,0.903051267284491,0
268,0.3856362217017955,0.03404411764705882,-0.037684260580123585,-0.1674222797927461,-0.20627802690582958,0.12073494098694246,0.903051267284491,0
269,0.11475409836065599,-0.02470588235294112,-0.1995958155016644,0.34002590673575134,-0.0010551305724083165,0.2118716284957707,0.903051267284491,0
270,0.05737704918032813,0.026323529411764704,-0.01890156918687591,-0.28432642487046633,-0.11105249274597728,0.16507170788312914,0.903051267284491,0
271,0.054644808743169654,-0.10544117647058822,0.10437470280551586,0.0025906735751295706,0.08098127143233977,0.07516659723252832,0.903051267284491,0
272,0.05932864949258419,0.07022058823529412,0.11673799334284363,0.06476683937823835,0.10933790556581377,0.08809815424391611,0.903051267284491,0
273,0.11163153786104632,0.0638235294117647,0.04505468378506894,-0.36463730569948183,-0.30862569242943816,-0.002422744835798449,0.903051267284491,0
274,0.2704918032786886,0.10867647058823528,-0.023537803138373836,-0.1366580310880829,-0.13136375626483776,0.08994551953125722,0.903051267284491,0
275,0.2919594067135052,0.0885294117647059,-0.12731811697574902,-0.1742227979274611,-0.14639936692165653,0.17985063018185807,0.903051267284491,0
276,0.286104605776737,0.0346323529411765,-0.08499762244412745,-0.15414507772020725,0.03587443946188343,0.06531398236670904,0.903051267284491,0
277,0.03200624512099948,-0.1325,0.14538754160722778,-0.15090673575129532,-0.0487997889738855,0.06654555922493645,0.903051267284491,0
278,0.4258391881342702,-0.007352941176470524,0.02793628150261529,0.10621761658031093,-0.023476655236085442,0.013587754321157872,0.903051267284491,0
279,0.22092115534738505,0.0751470588235294,-0.15567047075606283,0.06088082901554409,-0.17871274070166182,0.157066458304651,0.903051267284491,0
280,0.23302107728337246,-0.008970588235294053,-0.02246790299572049,-0.2823834196891192,0.012661566868900048,0.0997981343970765,0.903051267284491,0
281,0.509367681498829,0.003970588235294179,0.016048502139800247,0.0841968911917099,0.14745449749406492,0.19709270619704178,0.903051267284491,0
282,-0.018735362997657795,-0.01926470588235288,0.28815977175463625,-0.3439119170984456,-0.03930361382221048,-0.01473851341807253,0.903051267284491,0
283,0.01424668227946943,0.044338235294117644,0.21552543984783645,-0.3662564766839378,-0.29715114745449744,-0.0646173761762826,0.903051267284491,0
284,0.019125683060109547,0.06911764705882352,0.12886352829291492,-0.2765544041450777,-0.305196518069111,0.01974563861229492,0.903051267284491,0
285,0.27595628415300555,0.0976470588235294,-0.02900618164526869,0.07059585492227985,-0.19572672118174622,0.086250788956575,0.903051267284491,0
286,0.26814988290398134,0.018088235294117672,-0.04802662862577273,0.14766839378238344,0.12556053811659199,0.16815065002869767,0.903051267284491,0
287,0.21155347384855588,0.04514705882352941,-0.22123157394198772,0.006476683937823885,0.21023476655236095,0.0997981343970765,0.903051267284491,0
288,0.07806401249024227,-0.17632352941176468,-0.257845934379458,0.08678756476683944,-0.008177261936164582,0.0037351394553385986,0.903051267284491,0
289,0.21818891491022646,-0.0658823529411764,0.12196861626248212,-0.4805699481865285,-0.1369031917699815,-0.09848573977753636,0.903051267284491,0
290,0.3290398126463701,0.10867647058823528,0.029600570613409483,-0.147020725388601,-0.11448166710630438,-0.0061174754104806744,0.903051267284491,0
291,0.27615144418423115,0.10220588235294117,0.02442938659058491,-0.06282383419689115,-0.022157742020575022,0.08378763524012017,0.903051267284491,0
292,0.12099921935987536,0.042205882352941176,-0.15073704232049462,0.08290155440414512,0.4740174096544447,0.1687664384578114,0.903051267284491,0
293,0.04371584699453579,0.015367647058823555,0.18586543033761294,0.012305699481865329,-0.022553415985228156,-0.004270110123139562,0.903051267284491,0
294,0.10304449648711972,0.10970588235294115,0.08654303376129335,-0.35168393782383417,-0.40939066209443414,0.02590352290343196,0.903051267284491,0
295,0.24863387978142085,0.09,-0.05777460770328108,-0.10556994818652847,-0.48799788973885516,0.11827178727048764,0.903051267284491,0
296,0.20296643247462928,0.022794117647058822,-0.32441749881122217,0.25582901554404147,0.05961487734107099,0.2574399722501849,0.903051267284491,0
297,0.3021077283372366,0.042205882352941176,-0.1499643366619116,0.18426165803108813,0.050910050118702255,0.23404001194386406,0.903051267284491,0
298,0.17525370804059337,0.12426470588235293,-0.06217308606752264,-0.21567357512953367,-0.04405170139804799,0.1983242830552692,0.903051267284491,0
299,0.2634660421545668,-0.20558823529411765,-0.021516880646695324,-0.043393782383419635,0.08071748878923768,4.0408880656372936e-05,0.903051267284491,0
