,0,1,2,3,4,5,6,mal
0,0.2997658079625294,-0.07867647058823529,0.15870185449358065,-0.25194300518134716,-0.12292271168557106,-0.08370681747880743,0.903051267284491,0
1,0.08060109289617505,0.1126470588235294,0.11543033761293398,0.11917098445595856,0.03363228699551571,0.037603503056592345,0.903051267284491,0
2,0.18657298985167847,0.12735294117647059,0.0689491203043272,-0.2253886010362694,-0.13452914798206275,0.014819331179385276,0.903051267284491,0
3,0.23926619828259182,0.09455882352941175,0.18069424631478848,-0.05958549222797925,-0.31073595357425476,0.10965074926289577,0.903051267284491,0
4,0.22248243559718978,0.029852941176470586,-0.14277223014740853,-0.2817357512953368,0.1395410182010024,0.08009290466543795,0.903051267284491,0
5,0.24648711943793922,0.04110294117647062,0.031502615311459814,0.007124352331606271,-0.21353204959113686,0.08871394267302982,0.903051267284491,0
6,0.27283372365339587,-0.08647058823529412,-0.040299572039943055,-0.33225388601036265,-0.2722236876813505,0.02836667661988678,0.903051267284491,0
7,0.15339578454332561,-0.022941176470588173,-0.2901806942463149,-0.047279792746113936,-0.09206014244262725,0.059156098075572,0.903051267284491,0
8,0.2193598750975801,0.14132352941176468,-0.03566333808844513,-0.09844559585492225,-0.4062252703772092,0.22172424336158997,0.903051267284491,0
9,0.3380171740827479,-0.03963235294117643,-0.21213742272943426,-0.12176165803108804,0.12450540754418365,0.08194026995277906,0.903051267284491,0
10,0.24980483996877448,0.10426470588235294,0.0363766048502141,-0.24676165803108807,-0.12345027697177523,-0.04429635801553035,0.903051267284491,0
11,-0.05737704918032757,0.13264705882352942,0.10675225867807892,-0.3335492227979274,-0.05935109469796885,0.029598253478114185,0.903051267284491,0
12,0.13485558157689323,-0.01985294117647059,0.19252258678078926,-0.31768134715025903,-0.21247691901872856,-0.08678575962437596,0.903051267284491,0
13,0.4035909445745512,0.04808823529411765,-0.026271992391821264,0.007124352331606271,-0.1076233183856502,0.10718759554644094,0.903051267284491,0
14,-0.048790007806401,0.1673529411764706,0.23145506419400852,0.16774611398963735,0.020575046161962568,0.1564506698755373,0.903051267284491,0
15,0.19516003122560507,0.1327941176470588,0.1715406562054208,-0.11463730569948183,0.11659192825112111,0.09733498068062169,0.903051267284491,0
16,0.46057767369242786,-0.0311764705882353,-0.12202805515929632,-0.06930051813471498,0.06831970456343978,0.20632953263374737,0.903051267284491,0
17,0.1338797814207653,0.008970588235294117,-0.022824536376604754,-0.10168393782383417,0.03455552624637301,0.009893023746475646,0.903051267284491,0
18,0.13544106167057013,0.20720588235294116,-0.06276747503566338,-0.06347150259067355,-0.0585597467686626,0.05669294435911718,0.903051267284491,0
19,0.14051522248243586,-0.04308823529411759,-0.02425106990014264,-0.5097150259067358,-0.31996834608282776,-0.029517435716801446,0.903051267284491,0
20,0.17798594847775193,0.04830882352941179,0.12565382786495483,0.27752590673575134,0.339620152993933,0.05299821378443496,0.903051267284491,0
21,0.08587041373926646,0.005588235294117711,0.09117926771279128,0.0841968911917099,0.08414666314956479,0.030829830336341596,0.903051267284491,0
22,0.2771272443403592,0.062352941176470576,0.025915359010936778,-0.1781088082901554,-0.4959113690319177,0.10965074926289577,0.903051267284491,0
23,0.18852459016393452,0.015588235294117644,-0.06621493105087983,-0.44689119170984454,-0.12661566868900023,0.03945086834393346,0.903051267284491,0
24,0.1695940671350509,0.027720588235294143,0.20744174988112218,-0.3950777202072539,-0.44407807966235824,0.04252981048950198,0.903051267284491,0
25,0.08704137392662009,0.028970588235294116,-0.004398478364241398,0.027202072538860145,-0.3690319176998153,0.09487182696416686,0.903051267284491,0
26,0.38407494145199067,0.02102941176470588,0.0899904897765097,-0.13277202072538857,-0.2563967290952255,0.16507170788312914,0.903051267284491,0
27,0.21487119437939128,0.029852941176470586,0.004160722776985204,-0.4177461139896373,-0.09100501187021892,0.007429870030020824,0.903051267284491,0
28,0.05971896955503539,0.19558823529411765,0.14883499762244412,0.0841968911917099,0.18069111052492748,0.17492432274894842,0.903051267284491,0
29,0.37822014051522257,-0.14250000000000002,-0.1318354731336187,0.17551813471502598,-0.06225270377209177,0.1835453607565403,0.9354873447848289,0
30,0.43637782982045287,-0.0658823529411764,0.14241559676652416,-0.6159326424870466,-0.06911105249274596,0.01112460060470305,0.9354873447848289,0
31,0.09601873536299782,0.06933823529411764,0.04796718972895864,-0.22409326424870468,-0.20825639672909518,0.044377175776843095,0.9354873447848289,0
32,0.33996877439500395,-0.015735294117646997,-0.11709462672372811,0.08095854922279797,-0.31020838828805064,0.10718759554644094,0.9354873447848289,0
33,0.1678376268540204,0.04955882352941176,0.03376129339039469,-0.2564766839378238,-0.3487206541809549,0.013587754321157872,0.9354873447848289,0
34,0.20296643247462928,-0.07617647058823529,0.20601521635758446,0.13277202072538863,0.21155367976787137,0.00619829317179342,0.9354873447848289,0
35,0.2117486338797816,0.05213235294117647,0.0729315263908702,-0.2172927461139896,-0.18464785017145868,0.01112460060470305,0.9354873447848289,0
36,0.18110850897736153,0.04,0.13956252971944838,-0.288860103626943,-0.39804800844104454,0.051766636926207546,0.9354873447848289,0
37,0.23224043715847004,0.115,0.09331906799809797,-0.12435233160621759,-0.08915853336850432,0.08009290466543795,0.9354873447848289,0
38,0.27673692427790797,0.0027941176470588844,-0.184260580123633,-0.029145077720207205,-0.15615932471643362,0.14659805500971804,0.9354873447848289,0
39,0.483216237314598,0.017941176470588262,-0.19882310984308138,0.1813471502590674,-0.029147982062780214,0.2377347425185463,0.9354873447848289,0
40,0.18579234972677605,0.07397058823529411,0.2111269614835949,-0.5589378238341969,0.15668689000263786,0.029598253478114185,0.9354873447848289,0
41,-0.11826697892271637,-0.05897058823529405,0.012006657156443112,-0.49028497409326427,-0.5950936428383012,0.023440369186977145,0.9354873447848289,0
42,0.4400858704137393,-0.059191176470588205,0.18651925820256776,-0.20693005181347146,-0.06554998681086782,-0.10156468192310486,0.9354873447848289,0
43,-0.09640905542544859,0.20220588235294118,0.20601521635758446,-0.22409326424870463,-0.2727512529675547,-0.0381384737243933,0.9354873447848289,0
44,0.1928181108508978,0.12058823529411765,0.05813124108416545,0.02007772020725393,-0.20126615668688996,0.09117709638948464,0.9354873447848289,0
45,0.3610460577673693,0.03529411764705882,-0.16417023300047556,0.09261658031088088,-0.1616987602215774,0.16507170788312914,0.9354873447848289,0
46,0.22111631537861062,0.08345588235294116,-0.08814788397527346,-0.42033678756476683,0.18636243735162228,0.2272663392236133,0.9354873447848289,0
47,-0.03942232630757195,-0.16323529411764706,0.05290061816452696,0.4514248704663213,-0.10287523080981269,0.1281244021363069,0.9354873447848289,0
48,0.5320062451209993,-0.03970588235294112,-0.0650261531145983,0.08225388601036274,0.1537852809285149,0.04807190635152532,0.9354873447848289,0
49,0.23614363778298214,-0.02117647058823523,-0.15834522111269622,0.39054404145077726,0.18754945924558164,0.014819331179385276,0.9354873447848289,0
50,-0.004293520686963065,0.08794117647058823,-0.10146219686162627,-0.11139896373056991,0.09258770772883146,-0.031980589433256254,0.9354873447848289,0
51,0.4621389539422327,-0.00808823529411758,0.04600570613409416,-0.147020725388601,-0.5009232392508574,0.08871394267302982,0.9354873447848289,0
52,-0.0039032006245118545,0.0814705882352941,0.3093200190204469,0.07577720207253891,0.4924821946715906,0.13058755585276172,0.9354873447848289,0
53,-0.0886026541764244,0.09426470588235293,0.39443651925820256,-0.8134715025906735,-0.3165391717225007,-0.05784370345603185,0.9354873447848289,0
54,0.12548790007806418,-0.01227941176470582,0.128982406086543,-0.20725388601036265,-0.29332629912951724,0.0449929642059568,0.9354873447848289,0
55,0.15222482435597198,0.06661764705882352,-0.10247265810746559,-0.06606217616580308,-0.22052228963334208,0.020977215470522323,0.9354873447848289,0
56,0.16861826697892282,0.2077941176470588,0.06680932001902051,0.12629533678756483,-0.1962542864679504,0.20325059048817884,0.9354873447848289,0
57,0.25565964090554266,-0.014558823529411704,-0.1187589158345222,-0.3251295336787564,-0.057504616196254264,0.10718759554644094,0.9354873447848289,0
58,0.20725995316159268,0.009117647058823557,-0.045470756062767514,-0.10071243523316059,-0.21669744130836188,0.25805576067929853,0.9354873447848289,0
59,-0.10382513661202158,-0.1252941176470588,-0.0027341892534475387,-0.42227979274611394,-0.4608282774993405,0.05422979064266237,0.9354873447848289,0
60,0.21701795472287283,-0.060882352941176415,-0.0023775558725629975,0.25777202072538863,-0.10973357953046688,0.06038767493379941,0.9354873447848289,0
61,0.1057767369242781,0.1175735294117647,0.08214455539705179,-0.011334196891191667,-0.0017145871801635265,0.04622454106418421,0.9354873447848289,0
62,-0.008587041373926352,0.17426470588235293,0.0357822158820732,-0.34067357512953367,-0.2996570825639673,0.0874823658148024,0.9354873447848289,0
63,0.07103825136612048,-0.07220588235294118,0.06930575368521164,0.09455958549222804,-0.4745449749406489,0.12442967156162468,0.9354873447848289,0
64,0.5218579234972678,-0.05897058823529405,0.20411317165953402,-0.3335492227979274,-0.17963597995251912,0.06285082865025422,0.9354873447848289,0
65,0.2154566744730681,0.06654411764705882,-0.009747979077508295,-0.08808290155440412,-0.1330783434450013,0.07947711623632425,0.9354873447848289,0
66,0.19008587041373934,0.06014705882352941,-0.06585829766999529,-0.069300518134715,0.18121867581113166,0.11950336412871504,0.9354873447848289,0
67,0.2045277127244341,-0.00852941176470582,-0.22408464098906333,0.023316062176165858,-0.06278026905829595,0.11827178727048764,0.9354873447848289,0
68,0.2275565964090555,-0.0014705882352940534,0.003566333808844524,-0.5621761658031088,-0.4315484041150092,-0.031980589433256254,0.9354873447848289,0
69,0.1969164715066356,0.09647058823529416,-0.08178792201616741,0.07577720207253888,-0.13386969137430754,0.1435191128641495,0.9354873447848289,0
70,0.3067915690866512,0.011029411764705881,-0.150261531145982,-0.09585492227979273,0.28356634133474024,0.1256612484198521,0.9354873447848289,0
71,-0.10304449648711922,-0.026029411764705822,-0.013195435092724694,0.19883419689119175,0.07412292271168561,0.04807190635152532,0.9354873447848289,0
72,0.013661202185792615,0.018676470588235294,0.09795530194959579,-0.07836787564766837,-0.14217884463202318,0.06531398236670904,0.9354873447848289,0
73,0.34211553473848566,-0.061249999999999985,-0.08880171184022839,-0.4326424870466321,-0.3062516486415193,0.0031193510262248897,0.9354873447848289,0
74,0.18110850897736153,-0.03558823529411759,-0.021992391821207824,-0.18069948186528495,-0.14982854128198364,-0.004885898552253257,0.9354873447848289,0
75,0.04332552693208458,0.059117647058823525,0.01034236804564903,-0.17487046632124348,-0.2123450276971775,-0.027054282000346624,0.9354873447848289,0
76,0.36299765807962536,0.08948529411764705,0.10990252020922497,-0.22150259067357508,-0.4890530203112635,0.12381388313251096,0.9354873447848289,0
77,0.2822014051522249,-0.01588235294117641,0.00059438896814068,-0.37176165803108807,0.13347401740965448,0.10595601868821354,0.9354873447848289,0
78,0.37353629976580804,0.05720588235294117,-0.13766048502139805,-0.1897668393782383,-0.19150619889211287,0.1256612484198521,0.9354873447848289,0
79,0.18110850897736153,-0.06558823529411759,-0.2857822158820733,-0.3076424870466321,0.23160116064362973,0.06285082865025422,0.9354873447848289,0
80,0.11572989851678395,0.059926470588235324,0.04487636709462672,-0.04533678756476678,0.017409654444737563,0.06592977079582274,0.9354873447848289,0
81,0.12568306010928987,-0.011176470588235229,0.03447456015216366,-0.1159326424870466,-0.10841466631495646,-0.007349052268708078,0.9354873447848289,0
82,0.19672131147540992,0.075,0.10033285782215884,-0.4281088082901554,-0.5895542073331574,-0.001191167977571031,0.9354873447848289,0
83,0.5409836065573772,0.12044117647058823,-0.0882073228720876,-0.27914507772020725,-0.3057240833553152,0.09240867324771204,0.9354873447848289,0
84,0.07396565183450454,0.03595588235294117,0.003209700427960094,-0.24870466321243523,-0.03495120021102609,0.11888757569960134,0.9354873447848289,0
85,0.03590944574551158,-0.04941176470588229,-0.023537803138373836,-0.28756476683937826,-0.20654180954893164,-0.052917396023122204,0.9354873447848289,0
86,0.3352849336455894,0.1538235294117647,0.05420827389443661,-0.1826424870466321,-0.3458190451068319,0.13181913271098913,0.9354873447848289,0
87,0.23653395784543335,0.00161764705882359,0.24524488825487412,0.22085492227979275,0.7971511474544976,0.07024028979961869,0.9354873447848289,0
88,0.1174863387978144,0.0272058823529412,-0.06258915834522111,0.06379533678756477,0.057636507517805385,0.10841917240466836,0.9354873447848289,0
89,0.1233411397345826,0.041176470588235294,0.07548739895387557,-0.10492227979274608,0.16380902136639414,0.023440369186977145,0.9354873447848289,0
90,0.12880562060889955,0.022941176470588232,-0.017950546837850745,-0.2610103626943005,-0.257979424953838,0.03206140719456901,0.9354873447848289,0
91,0.22482435597189712,0.0976470588235294,-0.06365905848787456,-0.4585492227979275,-0.3590081772619361,0.13797701700212617,0.9354873447848289,0
92,0.252537080405933,0.008529411764705879,-0.037208749405611086,0.007772020725388656,0.09179635979952522,0.04684032949329791,0.9354873447848289,0
93,0.0070257611241220375,-0.07867647058823529,0.1973371374227294,0.1120466321243524,0.18754945924558164,0.04684032949329791,0.9354873447848289,0
94,0.2884465261514443,0.05720588235294117,0.01818830242510705,0.09455958549222804,0.03508309153257719,0.0025035625971111947,0.9354873447848289,0
95,0.10031225604996123,0.16455882352941176,0.052068473609129806,-0.23963730569948183,-0.1680295436560274,0.0012719857388837769,0.9354873447848289,0
96,0.3023028883684623,0.020367647058823532,-0.11751069900142663,-0.36755181347150256,-0.21722500659456606,0.11272969140846428,0.9354873447848289,0
97,0.5066354410616707,0.01352941176470588,-0.08428435568235859,-0.3620466321243523,-0.23793194407807963,0.1416717475768084,0.9354873447848289,0
98,0.1725214676034349,-0.03191176470588229,-0.014503090822634346,0.030440414507772046,0.19097863360590878,0.10226128811353132,0.9354873447848289,0
99,-0.18286494925839158,0.12705882352941172,0.17914883499762246,-0.08581606217616577,0.06423107359535749,0.0727034435160735,0.9354873447848289,0
100,0.15183450429352077,-0.05823529411764701,-0.059795530194959645,-0.5310880829015544,-0.528620416776576,-0.07385420261298811,0.9354873447848289,0
101,0.2158469945355192,0.08220588235294117,0.013195435092724694,-0.0019430051813471017,0.08652070693748354,0.017282484895840097,0.9354873447848289,0
102,0.16432474629195948,0.06352941176470586,-0.0645506419400857,-0.04015544041450772,-0.21841202848852542,0.07024028979961869,0.9354873447848289,0
103,0.16198282591725233,-0.027647058823529358,-0.06740370898716125,-0.08711139896373055,-0.23133737800052753,0.10349286497175872,0.9354873447848289,0
104,0.1877439500390321,0.012794117647058822,0.22539229671897287,-0.2292746113989637,-0.10867844895805853,0.06900871294139127,0.9354873447848289,0
105,0.04761904761904788,0.057499999999999996,0.11019971469329537,-0.25906735751295334,-0.17093115273015033,0.030829830336341596,0.9354873447848289,0
106,0.22833723653395793,-0.08602941176470588,0.20019020446980496,-0.03432642487046628,-0.23476655236085464,0.008661446888248242,0.9354873447848289,0
107,0.3101092896174864,0.08735294117647058,0.011352829291488398,-0.20757772020725385,-0.264178317066737,0.03945086834393346,0.9354873447848289,0
108,0.2306791569086652,0.03117647058823529,-0.047313361864003756,0.24028497409326427,-0.3524136111843841,0.1995558599134966,0.9354873447848289,0
109,-0.042935206869632814,0.16029411764705884,-0.08452211126961495,-0.3069948186528497,-0.0846742284357689,0.17369274589072103,0.9354873447848289,0
110,0.3610460577673693,-0.06764705882352935,-0.23549690917736577,-0.3659326424870466,-0.4381429701925613,0.16507170788312914,0.9354873447848289,0
111,0.006830601092896432,0.06625000000000003,0.05937945791726107,-0.3147668393782383,-0.22777631231864942,0.0708560782287324,0.9354873447848289,0
112,0.09406713505074188,-0.03470588235294112,0.015335235378031387,-0.09326424870466318,-0.15431284621471905,0.06900871294139127,0.9354873447848289,0
113,0.21506635441061678,-0.07147058823529412,0.22230147408464107,0.4060880829015544,0.3445001318913216,-0.05538054973957704,0.9354873447848289,0
114,0.3145979703356754,0.08257352941176474,0.11263670946267224,-0.43620466321243523,-0.4902400422052229,0.014819331179385276,0.9354873447848289,0
115,0.1920374707259954,0.10455882352941176,0.21671421778411792,0.21567357512953372,0.10155631759430231,0.10102971125530391,0.9354873447848289,0
116,0.3181108508977363,0.03882352941176471,-0.07287208749405616,0.2759067357512954,-0.012134001582695841,0.23650316566031887,0.9354873447848289,0
117,0.5409836065573772,0.03529411764705882,-0.2727056585829768,-0.5531088082901554,-0.5621208124505408,0.25128208795904783,0.9354873447848289,0
118,0.08665105386416888,-0.03242647058823524,-0.0432120779838327,0.055375647668393785,-0.04484304932735424,0.1139612682666917,0.9354873447848289,0
119,-0.11592505854800905,0.03411764705882353,0.1342130290061817,-0.11658031088082899,-0.13426536533896066,0.15029278558440026,0.9354873447848289,0
120,0.35831381733021084,-0.18191176470588238,0.06728483119353301,-0.06282383419689117,-0.14428910577683987,-0.04060162744084812,0.9354873447848289,0
121,0.055425448868072075,0.11441176470588234,0.06871136471707084,-0.09844559585492225,-0.1880770245317858,-0.031980589433256254,0.9354873447848289,0
122,0.30171740827478544,0.05727941176470591,-0.1037208749405612,-0.2250647668393782,-0.19335267739382744,0.10841917240466836,0.9354873447848289,0
123,0.7396565183450431,0.048529411764705876,-0.21944840703756546,-0.427461139896373,-0.295700342917436,0.13674544014389878,0.9354873447848289,0
124,0.3138173302107729,-0.012499999999999935,-0.0710889205896339,-0.40544041450777196,-0.12186758111316273,0.11580863355403281,0.9354873447848289,0
125,-0.00702576112412151,-0.05514705882352935,0.13231098430813126,0.04857512953367882,0.15352149828541284,0.03575613776925123,0.9354873447848289,0
126,0.04996096799375507,0.12823529411764706,0.1428316690442225,-0.16062176165803105,-0.10696386177789499,0.04930348320975273,0.9354873447848289,0
127,0.32669789227166285,0.03485294117647059,-0.018307180218735175,-0.40479274611398963,-0.36243735162226326,0.1416717475768084,0.9354873447848289,0
128,0.25526932084309145,0.058970588235294115,-0.07013789824060873,-0.2610103626943005,-0.05275652862041676,0.03452456091102382,0.9354873447848289,0
129,0.36514441842310696,0.023382352941176465,-0.1313599619591061,-0.16515544041450775,0.023872329200738673,0.1718453806033799,0.9697764548943102,0
130,0.5175644028103045,-0.12735294117647059,-0.08547313361864012,0.038212435233160646,0.1988921128989713,0.10472444182998614,0.9697764548943102,0
131,0.2033567525370805,0.014999999999999996,0.06704707560627676,-0.2098445595854922,0.012661566868900048,0.10102971125530391,0.9697764548943102,0
132,-0.11475409836065548,0.04764705882352941,-0.13516405135520693,-0.08937823834196888,-0.13822210498549192,0.07147186665784609,0.9697764548943102,0
133,0.07864949258391898,0.06639705882352945,0.1667855444602947,-0.26068652849740925,-0.19453969928778686,0.036371926198364934,0.9697764548943102,0
134,0.12802498048399713,0.0425,-0.13468854018069432,-0.04274611398963726,0.06489053020311267,0.07886132780721054,0.9697764548943102,0
135,0.10109289617486365,0.08764705882352941,0.00927246790299574,0.07772020725388606,-0.17673437087839616,0.15275593930085507,0.9697764548943102,0
136,0.1526151444184232,0.03235294117647059,-0.22182596291012846,0.14443005181347157,0.13373780005275654,0.13551386328567136,0.9697764548943102,0
137,0.20433255269320852,0.06455882352941175,0.025974797907750813,-0.12208549222797925,-0.09562120812450539,0.14967699715528654,0.9697764548943102,0
138,0.04918032786885272,0.01926470588235294,0.14407988587731813,-0.3387305699481865,-0.38802426800316536,0.0037351394553385986,0.9697764548943102,0
139,0.026151444184231334,-0.03544117647058818,0.22979077508321433,0.2551813471502591,0.2205222896333422,0.0012719857388837769,0.9697764548943102,0
140,0.2669789227166277,0.0488235294117647,0.1299334284355682,-0.6088082901554404,-0.5204431548404115,-0.018433243992754755,0.9697764548943102,0
141,0.3327478532396566,0.12624999999999997,-0.02365668093200196,-0.18199481865284972,-0.4378791875494592,0.15952961202110583,0.9697764548943102,0
142,0.315768930523029,0.003970588235294179,-0.13064669519733724,0.12240932642487051,0.17805328409390664,0.2500505111008204,0.9697764548943102,0
143,0.18891491022638573,-0.0038235294117646423,-0.15905848787446514,-0.2733160621761658,0.18253758902664208,0.09610340382239427,0.9697764548943102,0
144,0.08840749414519933,-0.017720588235294116,0.02312173086067515,-0.23316062176165803,-0.229622790820364,0.10903496083378207,0.9697764548943102,0
145,0.2088212334113974,-0.041470588235294065,0.002734189253447372,0.07901554404145084,0.012661566868900048,0.06161925179202682,0.9697764548943102,0
146,0.3384074941451991,0.06308823529411764,-0.00832144555397063,-0.3199481865284974,-0.5291479820627802,-0.011043782843390304,0.9697764548943102,0
147,0.3036690085870415,0.06970588235294117,-0.04160722776985254,0.2551813471502591,0.3780005275652863,0.16507170788312914,0.9697764548943102,0
148,0.2847384855581578,0.02455882352941179,-0.28928911079410374,0.0592616580310881,0.45568451595884996,0.20509795577551995,0.9697764548943102,0
149,0.3067915690866512,-0.012205882352941115,0.028887303851640622,-0.0770725388601036,0.15061988921128994,0.20325059048817884,0.9697764548943102,0
150,0.06674473067915718,0.03323529411764706,0.04564907275320984,-0.42681347150259064,0.10946979688736483,0.08009290466543795,0.9697764548943102,0
151,0.07416081186573015,-0.08455882352941176,0.030313837375178343,-0.48251295336787564,-0.25586916380902136,0.06777713608316387,0.9697764548943102,0
152,0.09328649492583946,0.05411764705882353,-0.02639087018544939,-0.0378886010362694,0.044183592719599096,0.025287734474318257,0.9697764548943102,0
153,0.09953161592505883,0.03544117647058824,0.050879695672848335,-0.3290155440414507,-0.28224742811922976,0.10349286497175872,0.9697764548943102,0
154,0.544496487119438,0.07044117647058823,0.10437470280551586,-0.7791450777202072,-0.8198364547612766,0.06531398236670904,0.9697764548943102,0
155,0.4326697892271663,0.03794117647058826,-0.14681407513076566,-0.30505181347150256,-0.23410709575309943,0.1127296914084643,0.9697764548943102,0
156,0.08665105386416888,0.08161764705882353,0.041131716595339984,-0.49870466321243523,-0.38195726721181744,0.08255605838189277,0.9697764548943102,0
157,0.01014832162373172,-0.031176470588235236,0.05325725154541139,-0.08808290155440412,-0.04563439725666049,0.09240867324771204,0.9697764548943102,0
158,0.044106167056987,0.12338235294117646,-0.0015454113171659567,-0.26619170984455953,0.2780269058295965,0.03452456091102382,0.9697764548943102,0
159,0.1805230288836848,-0.008455882352941145,-0.15769139324774134,0.13633419689119175,0.2498021630176735,0.06469819393759534,0.9697764548943102,0
160,0.1494925839188135,0.10323529411764706,-0.2580836899667143,-0.1703367875647668,-0.027960960168820867,0.11211390297935059,0.9697764548943102,0
161,0.0948477751756443,-0.040441176470588175,-0.07394198763670956,0.02007772020725393,0.30704299657082573,0.13551386328567136,0.9697764548943102,0
162,0.0718188914910229,0.06147058823529412,-0.05860675225867812,-0.001295336787564716,0.0060670007913479485,0.07024028979961869,0.9697764548943102,0
163,0.031615925058548267,-0.04735294117647053,0.038219210651450175,-0.08937823834196887,-0.013057240833553085,-0.01473851341807253,0.9697764548943102,0
164,0.12295081967213141,0.07132352941176469,0.07822158820732295,0.02784974093264253,0.3743075705618571,-0.020896397709209577,0.9697764548943102,0
165,0.1842310694769712,-0.010735294117647,0.07429862101759399,-0.016191709844559532,0.14666314956475868,-0.007349052268708078,0.9697764548943102,0
166,0.1916471506635442,0.013088235294117647,0.01771279125059433,-0.26554404145077715,-0.5325771564231073,-0.04429635801553035,0.9697764548943102,0
167,0.1457845433255271,0.10132352941176473,0.029957203994293913,-0.03626943005181342,-0.15114745449749403,0.12011915255782875,0.9697764548943102,0
168,0.2459016393442624,0.14352941176470588,-0.09676652401331437,-0.0025906735751294874,-0.4249538380374571,0.2254189739362722,0.9697764548943102,0
169,0.23887587822014061,0.055,-0.36079410366143616,-0.12111398963730567,-0.11632814560801896,0.227882127652727,0.9697764548943102,0
170,0.3384074941451991,-0.12455882352941178,-0.25142653352353783,-0.5466321243523315,0.06198892112898974,0.03452456091102382,0.9697764548943102,0
171,0.07825917252146787,0.048529411764705876,0.0947456015216358,-0.11075129533678753,-0.06607755209707199,-0.011043782843390304,0.9697764548943102,0
172,0.11553473848555841,-0.02073529411764699,0.012601046124584014,-0.17292746113989635,-0.22342389870746504,0.008661446888248242,0.9697764548943102,0
173,0.11124121779859511,-0.021470588235294054,0.14039467427484553,0.24222797927461143,0.3877604853600634,0.02713509976165937,0.9697764548943102,0
174,0.15866510538641704,0.05044117647058823,0.18574655254398487,-0.2046632124352331,-0.23080981271432338,0.07886132780721054,0.9697764548943102,0
175,0.17056986729117884,0.041176470588235294,-0.06859248692344272,-0.18717616580310878,-0.1092060142442627,0.03329298405279642,0.9697764548943102,0
176,0.27205308352849344,0.04323529411764706,0.04826438421302903,-0.15608808290155438,-0.13637562648377735,0.16260855416667436,0.9697764548943102,0
177,0.27166276346604223,0.059264705882352935,-0.06704707560627682,-0.49158031088082904,-0.566341334740174,0.16260855416667436,0.9697764548943102,0
178,0.21116315378610467,0.06132352941176471,-0.29933428435568243,0.14281088082901555,0.2895014508045371,0.10534023025909983,0.9697764548943102,0
179,0.2002341920374708,-0.036176470588235234,-0.09961959106039003,-0.052461139896373035,0.1376945396992878,0.06408240550848163,0.9697764548943102,0
180,0.14519906323185022,-0.02632352941176464,-0.041131716595339984,-0.005181347150259016,0.07623318385650227,0.03698771462747864,0.9697764548943102,0
181,0.10928961748633906,0.008088235294117646,0.14075130765572996,0.07189119170984462,0.009232392508572954,0.02836667661988678,0.9697764548943102,0
182,0.13485558157689323,0.10066176470588234,0.08701854493580607,-0.17454663212435229,-0.2039039831179108,0.02836667661988678,0.9697764548943102,0
183,0.36963309914129594,0.07235294117647058,-0.09165477888730394,0.06735751295336792,-0.3853864415721445,0.19462955248058697,0.9697764548943102,0
184,0.3075722092115536,-0.04867647058823523,0.11055634807417969,-0.6424870466321244,-1.0,0.14906120872617284,0.9697764548943102,0
185,0.08938329430132735,-0.02191176470588229,-0.12101759391345701,-0.07772020725388598,0.47243471379583224,0.06161925179202682,0.9697764548943102,0
186,0.26092896174863395,0.02073529411764708,0.055575368521160295,-0.1654792746113989,-0.07425481403323658,0.10041392282619019,0.9697764548943102,0
187,0.0007806401249026984,-0.012941176470588171,-0.23644793152639093,-0.525259067357513,-0.07834344500131889,-0.08370681747880743,0.9697764548943102,0
188,0.015222482435597456,0.06808823529411764,0.10901093675701379,-0.1625647668393782,-0.33896069638617776,-0.020896397709209577,0.9697764548943102,0
189,0.14988290398126472,0.11794117647058822,0.08701854493580607,0.12111398963730574,0.1669744130836191,0.07886132780721054,0.9697764548943102,0
190,0.16822794691647167,-0.001985294117647028,-0.15519495958155027,-0.21470207253886006,-0.25731996834608284,0.11149811455023687,0.9697764548943102,0
191,0.34192037470726,-0.05985294117647054,0.033642415596766506,-0.08613989637305697,-0.06568187813241887,0.049303483209752724,0.9697764548943102,0
192,0.2923497267759564,0.013088235294117647,-0.2413219210651451,-0.36334196891191706,-0.7428119229754682,0.18231378389831288,0.9697764548943102,0
193,-0.010928961748633614,0.01330882352941179,0.09403233475986683,-0.15641191709844557,-0.08150883671854389,0.043145598918615684,0.9697764548943102,0
194,0.2814207650273225,0.006176470588235358,-0.11364717070851171,-0.3186528497409326,-0.3437087839620153,0.07147186665784609,0.9697764548943102,0
195,0.07025761124121806,0.08279411764705882,-0.16131716595339995,-0.11075129533678754,0.5586916380902137,0.008661446888248242,0.9697764548943102,0
196,0.14637002341920383,0.02558823529411764,-0.1532334759866858,-0.12564766839378236,-0.1271432339752044,0.05299821378443495,0.9697764548943102,0
197,0.1420765027322406,0.008382352941176494,-0.08071802187351407,-0.2202072538860103,-0.3893431812186758,0.09856655753884909,0.9697764548943102,0
198,0.22482435597189704,0.01661764705882353,0.4368758915834523,-0.020077720207253832,0.0725402268530731,0.0997981343970765,0.9697764548943102,0
199,0.15729898516783772,0.11602941176470588,0.02662862577270564,-0.020077720207253832,0.030071221313637597,0.012356177462930468,0.9697764548943102,0
200,0.18969555035128816,-0.003235294117646996,0.1990014265335236,-0.18458549222797924,-0.3431812186758111,0.07147186665784609,0.9697764548943102,0
201,0.26854020296643255,0.0889705882352941,-0.06877080361388493,-0.24255181347150256,-0.10063307834344498,0.09302446167682575,0.9697764548943102,0
202,0.13544106167057013,0.0033823529411765372,-0.1268426058012364,-0.14507772020725385,-0.4840411500923239,0.15029278558440026,0.9697764548943102,0
203,-0.01756440281030419,-0.06426470588235289,0.17546362339514976,0.0965025906735752,0.5183328936955949,0.017282484895840097,0.9697764548943102,0
204,0.09289617486338823,-0.02117647058823523,0.13492629576795057,-0.22344559585492224,-0.16539171722500656,-0.05414897288134962,0.9697764548943102,0
205,0.06362217017954741,0.07676470588235294,0.11049690917736565,0.17940414507772023,0.10590873120548674,-0.004270110123139562,0.9697764548943102,0
206,0.21857923497267767,0.20132352941176473,-0.25558725630052315,0.07966321243523322,-0.0387760485360063,0.13674544014389878,0.9697764548943102,0
207,0.31850117096018743,-0.024264705882352883,-0.19056110318592495,0.05958549222797932,0.17383276180427332,0.227882127652727,0.9697764548943102,0
208,0.1957455113192819,0.015073529411764732,-0.17998097955301962,-0.21502590673575128,-0.15629121603798468,0.09364025010593946,0.9697764548943102,0
209,0.14012490241998465,0.046911764705882354,0.008321445553970408,-0.3756476683937824,-0.006594566077552072,0.03821929148570605,0.9697764548943102,0
210,0.18188914910226395,-0.13794117647058823,-0.03459343794579184,-0.3186528497409326,-0.393036138222105,-0.02828585885857403,0.9697764548943102,0
211,0.24980483996877448,-0.009264705882352876,-0.0001188777936281804,-0.40414507772020725,-0.7225006594566077,-0.11819096950917488,0.9697764548943102,0
212,0.14500390320062467,0.04022058823529415,0.17403708987161193,-0.27396373056994816,-0.24742811922975466,0.018514061754067508,0.9697764548943102,0
213,0.27556596409055434,0.025441176470588234,0.08166904422253918,-0.9417098445595854,-0.7494064890530203,-0.01473851341807253,0.9697764548943102,0
214,0.4301327088212335,0.03588235294117646,0.4183309557774608,-0.17681347150259064,-0.2057504616196254,0.15275593930085507,0.9697764548943102,0
215,0.1416861826697893,-0.03999999999999994,-0.14562529719448408,-0.06282383419689117,-0.11342653653389605,0.11580863355403281,0.9697764548943102,0
216,0.24941451990632324,0.1350735294117647,-0.14562529719448408,-0.47538860103626934,-0.5487997889738855,0.04006665677304717,0.9697764548943102,0
217,0.018345042935207126,0.05029411764705882,-0.04766999524488841,0.06282383419689125,-0.07544183592719596,0.1995558599134966,0.9697764548943102,0
218,0.27517564402810313,-0.10117647058823528,-0.16310033285782222,-0.010362694300518088,0.29886573463466115,0.07393502037430091,0.9697764548943102,0
219,0.395784543325527,0.015588235294117674,0.01491916310033281,-0.2992227979274611,-0.22896333421260878,0.06592977079582275,0.9697764548943102,0
220,-0.03981264637002316,-0.000735294117646992,-0.0001188777936281804,0.14443005181347157,0.0010551305724083582,0.07639817409075572,0.9697764548943102,0
221,0.24355971896955514,0.10867647058823528,-0.03613884926295757,0.25194300518134716,0.22500659456607763,0.10841917240466836,0.9697764548943102,0
222,0.37822014051522257,0.011911764705882351,-0.15656205420827396,0.03562176165803113,-0.057504616196254264,0.17246116903249362,0.9697764548943102,0
223,0.24765807962529285,0.08198529411764705,-0.054208273894436665,0.010362694300518172,0.18543919810076498,0.15275593930085507,0.9697764548943102,0
224,-0.05074160811865705,-0.09794117647058824,0.07917261055634794,0.29533678756476683,-0.24399894486942758,0.07024028979961869,0.9697764548943102,0
225,0.11397345823575358,-0.14323529411764704,0.6878269139324775,-0.5246113989637307,-0.22236876813505668,-0.15390669839776974,0.9697764548943102,0
226,0.12060889929742415,0.10823529411764705,0.4437708036138849,0.09391191709844565,-0.03719335267739381,-0.12311727694208452,0.9697764548943102,0
227,0.19437939110070265,0.14897058823529413,0.030789348549690954,-0.020401554404145025,-0.23015035610656817,0.1268928252780795,0.9697764548943102,0
228,0.36924277907884473,0.18470588235294116,-0.38361864003804097,-0.21113989637305697,-0.6098654708520179,0.39414500351342724,0.9697764548943102,0
229,0.38095238095238104,0.048529411764705876,-0.5565858297669996,-0.37370466321243523,0.11421788446320236,0.2414294730932285,1.0,0
230,0.2849336455893834,-0.06970588235294117,-0.20756062767475042,-0.17292746113989635,0.05143761540490638,0.22418739707804478,1.0,0
231,0.1840359094457456,-0.09499999999999997,0.023775558725630086,-0.28497409326424866,-0.009100501187021867,0.06900871294139127,1.0,0
232,0.08860265417642493,-0.052058823529411706,0.1062767475035663,-0.3432642487046632,-0.34054339224479024,-0.22164342560027722,1.0,0
233,0.24941451990632327,0.08823529411764706,0.13242986210175944,0.0323834196891192,-0.6423107359535742,0.03206140719456901,1.0,0
234,0.22599531615925067,-0.044558823529411706,-0.19531621493105095,-0.3380829015544041,0.28198364547612775,-0.059075280314259265,1.0,0
235,0.17466822794691655,0.08499999999999999,-0.049631478839752774,-0.4630829015544042,-0.3650751780532841,0.13551386328567136,1.0,0
236,0.17525370804059337,0.16102941176470587,0.033642415596766506,-0.09585492227979273,-0.04115009232392507,0.24758735738436558,1.0,0
237,0.1760343481654958,-0.02117647058823523,0.02627199239182121,-0.3335492227979274,0.06330783434450016,-0.18100138927877274,1.0,0
238,0.04332552693208458,0.10014705882352941,-0.010936757013789822,-0.3400259067357513,-0.39171722500659456,0.08009290466543795,1.0,0
239,0.0667447306791571,-0.02323529411764706,0.1298739895387543,-0.3358160621761658,-0.03270904774465838,0.011124600604703078,1.0,0
240,0.19555035128805628,0.11558823529411763,0.19460294816928192,-0.47150259067357514,-0.4199419678185175,-0.07631735632944292,1.0,0
241,0.17837626854020305,0.12573529411764706,-0.021041369472182492,0.3108808290155441,0.09575309944605648,0.03575613776925123,1.0,0
242,0.23263075722092125,-0.002941176470588173,-0.05408939610080843,0.1632124352331607,-0.44737536270113426,0.20817689792108848,1.0,0
243,0.22872755659640914,0.08029411764705882,-0.26337375178316697,-0.2933937823834196,-0.06884726984964387,0.18231378389831288,1.0,0
244,0.2419984387197503,-0.12191176470588236,-0.18200190204469813,-0.5965025906735751,0.24373516222632557,0.11704021041226023,1.0,0
245,-0.09289617486338772,-0.10941176470588238,0.1406324298621019,-0.1003886010362694,0.12582432075969405,-0.052917396023122204,1.0,0
246,-0.000780640124902171,-0.01911764705882347,0.3768426058012363,0.05634715025906742,-0.2561329464521234,-0.15760142897245197,1.0,0
247,0.09679937548790035,0.08463235294117646,0.29570851165002376,-0.14410621761658027,-0.30559219203376414,-0.08432260590792115,1.0,0
248,0.44106167056986734,0.2669117647058823,-0.10746552543984789,0.14831606217616583,-0.23265629121603795,0.21679793592868032,1.0,0
249,0.176424668227947,0.1666176470588235,-0.4473371374227295,0.35556994818652854,0.41783170667370095,0.37813450435647095,1.0,0
250,0.4326697892271663,0.009705882352941203,-0.08470042796005717,-0.1237046632124352,0.0621208124505408,0.2734504714071412,1.0,0
251,0.33021077283372374,-0.002499999999999938,-0.12196861626248223,-0.0019430051813471017,-0.25375890266420464,0.22295582021981739,1.0,0
252,-0.07572209211553446,-0.11955882352941177,-0.25451735615786975,0.22150259067357514,0.4544974940648906,-0.06769631832185108,1.0,0
253,0.07923497267759588,0.013970588235294117,0.0483832620066571,-0.19170984455958545,0.02268530730677923,-0.11326466207626526,1.0,0
254,0.3282591725214677,0.007058823529411761,0.10592011412268187,-0.2992227979274611,-0.23344763914534422,-0.21548554130914022,1.0,0
255,0.1026541764246685,0.0024999999999999996,0.20244888254873994,-0.006476683937823788,-0.21221313637562644,-0.0652331646053963,1.0,0
256,0.2661982825917253,0.17102941176470587,0.25962910128388006,-0.15867875647668392,-0.14455288841994196,0.140440170718581,1.0,0
257,0.17096018735363008,0.1275,-0.10496909177365676,-0.21049222797927458,-0.36824056977050906,0.27714520198182335,1.0,0
258,0.03590944574551158,0.11544117647058823,-0.11852116024726589,0.19948186528497414,-0.028488525455025032,0.3559661209083776,1.0,0
259,0.12490241998438736,-0.06102941176470583,-0.06639324774132194,-0.13050518134715022,0.038248483249802206,0.16076118887933322,1.0,0
260,0.11553473848555841,-0.09720588235294117,0.12173086067522587,0.0965025906735752,-0.011078871010287497,-0.022127974567436995,1.0,0
261,0.34699453551912574,0.19426470588235292,-0.02425106990014264,0.08095854922279797,-0.0487997889738855,0.1256612484198521,1.0,0
262,0.09055425448868099,-0.019779411764705816,-0.2482168330955778,-0.21146373056994816,-0.014639936692165581,-0.04121741586996183,1.0,0
263,0.16315378610460587,0.08794117647058823,0.03958630527817408,-0.7208549222797928,-0.754945924558164,-0.024591128283891803,1.0,0
264,0.024980483996877703,0.007794117647058823,0.0784593437945792,-0.38406735751295334,-0.5043524136111843,-0.07878051004589776,1.0,0
265,0.0035128805620611714,0.0027941176470588844,0.1437232524964337,-0.32318652849740925,-0.42099709839092586,0.0012719857388837769,1.0,0
266,0.19242779078844663,0.13705882352941173,-0.19989300998573473,0.04533678756476689,-0.20865207069374833,0.15152436244262768,1.0,0
267,0.04957064793130393,-0.04352941176470582,-0.36531145981930585,-0.07901554404145075,0.5412819836454762,0.21556635907045293,1.0,0
268,0.1377829820452774,0.11088235294117645,-0.10722776985259164,-0.20077720207253882,-0.21814824584542336,0.17861905332363065,1.0,0
269,0.025761124121780124,-0.04426470588235288,-0.23145506419400863,-0.4928756476683938,-0.08572935900817723,0.03575613776925123,1.0,0
270,0.16608118657299,-0.06235294117647058,0.10193770803613889,-0.13503886010362692,-0.010551305724083332,-0.0369068968661659,1.0,0
271,0.1963309914129587,0.09676470588235292,0.002020922491678623,0.3685233160621762,0.05987865998417308,0.10349286497175872,1.0,0
272,0.2513661202185793,-0.006764705882352878,-0.07310984308131252,-0.3186528497409326,-0.5526246372988657,0.03575613776925123,1.0,0
273,0.1233411397345826,0.0961764705882353,-0.10829766999524504,0.18005181347150262,0.16196254286467954,0.12319809470339727,1.0,0
274,0.019906323185011968,0.028970588235294116,0.1469329529243938,-0.16062176165803105,-0.10749142706409916,0.1312033442818754,1.0,0
275,0.19398907103825144,-0.038529411764705826,0.09284355682358536,-0.37370466321243523,-0.48008441044579264,0.014819331179385276,1.0,0
276,0.22248243559718978,0.03235294117647059,-0.010817879220161697,-0.01813471502590669,0.13663940912687947,0.09610340382239427,1.0,0
277,0.14754098360655754,0.024632352941176466,-0.06163813599619594,-0.08581606217616577,-0.029543656027433335,0.09425603853505315,1.0,0
278,0.04683840749414546,0.1663235294117647,-0.09914407988587742,0.4993523316062176,0.3265629121603799,0.140440170718581,1.0,0
279,0.007806401249024458,-0.09279411764705882,-0.24667142177841184,0.15738341968911923,-0.3487206541809549,0.248818934242593,1.0,0
280,0.09718969555035155,0.05249999999999999,-0.5450546837850689,-0.011010362694300474,0.3255077815879716,0.4212396943944302,1.0,0
281,0.4260343481654958,-0.02088235294117647,-0.3824893009985735,-0.5654145077720207,-0.12252703772091794,-0.07077526046741967,1.0,0
282,0.0011709601873539088,-0.13338235294117648,0.26402757964812185,-0.06994818652849738,0.13848588762859407,-0.05784370345603185,1.0,0
283,-0.08977361436377801,0.06897058823529412,0.4327151688064669,-0.25,-0.12134001582695855,-0.1612961595471342,1.0,0
284,0.1801327088212335,0.1530147058823529,0.06365905848787445,-0.15025906735751293,-0.4242943814297019,0.020977215470522323,1.0,0
285,0.28376268540202976,0.0588235294117647,-0.3382073228720876,-0.3743523316062176,0.3125824320759695,0.18847166818944994,1.0,0
286,-0.001561280249804592,0.021764705882352936,-0.4891821207798384,0.0997409326424871,0.2972830387760486,0.2131032053539981,1.0,0
287,0.22989851678376277,0.04411764705882353,-0.08987161198288168,0.180699481865285,0.028224742811922998,0.2734504714071412,1.0,0
288,0.34348165495706484,-0.06485294117647056,-0.14568473609129823,-0.4336139896373057,-0.020047480875758347,0.13674544014389878,1.0,0
289,0.1760343481654958,-0.01426470588235288,0.17510699001426533,-0.5492227979274611,-0.28805064626747556,-0.09355943234462671,1.0,0
290,-0.11475409836065548,-0.0395588235294117,0.438064669519734,-0.22862694300518133,-0.006067000791347907,-0.19208558100281942,1.0,0
291,0.1526151444184232,0.07911764705882353,0.2616500237755587,0.06541450777202076,-0.3938274861514112,-0.06400158774716888,1.0,0
292,-0.020296643247462637,0.08499999999999999,0.14954826438421298,-0.05958549222797925,0.08045370614613562,0.06654555922493645,1.0,0
293,0.4293520686963311,0.2510294117647059,-0.06526390870185456,-0.09520725388601034,-0.27538907939857554,0.2401978962350011,1.0,0
294,0.22482435597189704,-0.05779411764705876,-0.03839752734189267,0.25,-0.07201266156686886,0.32025039201978267,1.0,0
295,0.21955503512880575,0.014926470588235291,-0.05533761293390399,-0.4096502590673575,-0.008309153257715626,0.10102971125530391,1.0,0
296,0.19242779078844663,-0.03499999999999994,-0.006062767475035646,-0.35945595854922274,-0.37720917963597994,0.06408240550848163,1.0,0
297,0.2962529274004685,0.08838235294117647,-0.16179267712791262,0.3568652849740933,-0.1614349775784753,0.07886132780721054,1.0,0
298,0.09133489461358339,-0.013235294117646994,-0.2742510699001427,-0.2817357512953368,-0.03772091796359797,-0.015970090276299947,1.0,0
299,0.3912958626073381,0.061029411764705874,-0.1678554446029482,-0.405440414507772,-0.32524399894486944,0.01974563861229492,1.0,0
