,Unnamed: 0,0,1,2,3,4,5,6,mal
0,0,-0.0195160031225602,0.1042647058823529,0.1236329053732763,0.4857512953367876,0.2993932999208653,0.0369877146274786,1.0,0
1,1,-0.0355191256830599,0.0567647058823529,-0.0364954826438422,0.0848445595854922,-0.0651543128462147,0.1638401310249017,1.0,0
2,2,0.1426619828259174,0.0849264705882352,-0.1844388968140751,0.1159326424870466,0.0109469796887365,0.1336664979983302,1.0,0
3,3,0.3610460577673693,-0.0654411764705881,-0.2376367094626724,-0.469559585492228,-0.4621471907148509,0.2204926665033625,1.0,0
4,4,0.1803278688524591,0.0494117647058823,-0.2547551117451261,-0.2655440414507771,0.1173832761804273,0.1268928252780795,1.0,0
5,5,0.3048399687743951,0.0138235294117647,0.0178316690442225,-0.2772020725388601,-0.0677921392772355,0.0616192517920268,1.0,0
6,6,0.0647931303669011,0.1149264705882353,-0.025320970042796,0.1272668393782384,0.1527301503561066,0.1860085144729951,1.0,0
7,7,-0.0620608899297421,-0.2238235294117647,-0.0570613409415122,0.2389896373056995,0.4579266684252177,0.0271350997616593,1.0,0
8,8,0.1674473067915691,0.1117647058823529,0.1318354731336186,-0.1722797927461139,-0.1566868900026378,0.01728248489584,1.0,0
9,9,0.0179547228727559,0.0554411764705882,0.1370660960532573,-0.5680051813471503,-0.4729622790820363,0.1047244418299861,1.0,0
10,10,0.0667447306791571,0.0404411764705882,-0.1959700427960057,-0.0955310880829015,-0.2991295172777631,0.0671613476540501,1.0,0
11,11,-0.065573770491803,0.0673529411764705,-0.2089871611982882,0.0919689119170985,0.480875758375099,0.1909348219059047,1.0,0
12,12,0.1893052302888369,-0.0363235294117646,-0.1407513076557299,-0.2713730569948186,-0.1817462410973357,0.1835453607565403,1.0,0
13,13,0.1959406713505075,0.0091176470588235,0.0883262006657157,-0.1955958549222797,-0.1152730150356106,0.1256612484198521,1.0,0
14,14,0.2765417642466823,-0.0261029411764705,-0.1008083689966714,-0.1305051813471502,-0.0735953574254813,0.1422875360059221,1.0,0
15,15,0.2759562841530055,0.1519117647058823,0.1040180694246315,-0.2124352331606217,-0.0751780532840938,0.1367454401438987,1.0,0
16,16,0.2720530835284934,0.0188235294117647,-0.098074179743224,0.1237046632124352,0.386441572144553,0.2352715888020914,1.0,0
17,17,0.0185402029664327,0.0480882352941176,-0.0825011887779363,-0.1933290155440414,0.2032445265101556,0.01728248489584,1.0,0
18,18,0.1256830601092898,-0.0916176470588235,0.1178078934854969,-0.332901554404145,-0.157478237931944,0.0911770963894846,1.0,0
19,19,0.1147540983606559,0.2042647058823529,0.0381597717546363,-0.1586787564766839,-0.0403587443946188,0.0616192517920268,1.0,0
20,20,0.2892271662763467,0.0405882352941176,0.1800998573466478,-0.3031088082901554,-0.1060406225270376,0.0123561774629304,1.0,0
21,21,0.3052302888368463,0.0209558823529412,-0.1219091773656681,-0.1298575129533678,-0.0561857029807438,0.1484454202970591,1.0,0
22,22,0.1026541764246685,0.0401470588235294,-0.1818830242510699,-0.2461139896373056,-0.1015563175943022,0.1589138235919921,1.0,0
23,23,0.1038251366120221,0.055735294117647,-0.0904660009510224,-0.0919689119170984,0.1126351886045898,0.2525136648172752,1.0,0
24,24,0.2985948477751757,-0.0822058823529411,0.0511174512601046,-0.7953367875647669,-0.3086256924294381,0.0061982931717934,1.0,0
25,25,0.2033567525370805,0.0113970588235294,0.0904065620542083,0.0401554404145078,0.0255869163809021,0.0776297509489831,1.0,0
26,26,0.1053864168618269,0.0391176470588235,0.0430337612933904,-0.1787564766839378,-0.1661830651543128,0.0222087923287497,1.0,0
27,27,0.1736924277907885,0.0927941176470588,0.0255587256300523,-0.2603626943005181,-0.3059878659984173,0.0690087129413912,0.9732160172066266,0
28,28,0.2814207650273225,0.1022058823529411,-0.0694246314788398,-0.0459844559585491,0.0197836982326563,0.1884716681894499,0.9732160172066266,0
29,29,0.2603434816549571,-0.0062499999999999,-0.2184379457917262,0.0433937823834197,0.2004748087575837,0.1121139029793505,0.9732160172066266,0
30,30,0.1756440281030445,-0.0066176470588234,-0.0764384213029006,0.1852331606217617,0.2265892904246901,0.1379770170021261,0.9732160172066266,0
31,31,0.101873536299766,-0.073235294117647,0.0197337137422729,-0.0673575129533678,0.0954893168029543,0.0874823658148024,0.9732160172066266,0
32,32,-0.0070257611241215,0.1239705882352941,0.1009272467902996,0.2124352331606218,0.075441835927196,0.044377175776843,0.9732160172066266,0
33,33,0.2626854020296645,0.0393382352941176,0.256300523062292,-0.2409326424870466,-0.2942495383803745,0.065313982366709,0.9732160172066266,0
34,34,0.0964090554254491,0.1441176470588235,-0.0986685687113647,-0.1930051813471502,0.1553679767871274,-0.0418332042990755,0.9732160172066266,0
35,35,0.0647931303669011,0.0323529411764705,-0.2867332382310985,0.0874352331606218,-0.3911896597203904,0.1638401310249017,0.9732160172066266,0
36,36,0.2779078844652616,0.0022058823529412,-0.1695197337137423,-0.060880829015544,0.050382484832498,0.2352715888020914,0.9732160172066266,0
37,37,0.1580796252927401,-0.0467647058823528,-0.085354255825012,-0.1411917098445595,0.1263518860458982,0.1416717475768084,0.9732160172066266,0
38,38,-0.0323965651834502,-0.0805882352941176,-0.029243937232525,0.650259067357513,0.405433922447903,0.1047244418299861,0.9732160172066266,0
39,39,0.2693208430913349,-0.0029411764705881,0.1627436994769376,-0.2843264248704663,-0.0263782643102083,-0.0837068174788074,0.9732160172066266,0
40,40,-0.0725995316159247,0.0052941176470588,0.2182596291012838,0.2370466321243523,0.0633078343445001,-0.0393700505826207,0.9732160172066266,0
41,41,0.1381733021077286,0.1526470588235293,0.1812886352829291,0.133419689119171,0.009496175151675,0.0542297906426623,0.9732160172066266,0
42,42,0.4203747072599532,0.2554411764705882,0.0508796956728483,-0.1787564766839378,-0.2421524663677129,0.1970927061970417,0.9732160172066266,0
43,43,0.1252927400468386,0.065,-0.262601046124584,0.288860103626943,0.1500923239250857,0.2931557011387797,0.9732160172066266,0
44,44,0.0593286494925841,-0.0745588235294117,-0.0423204945316215,-0.4183937823834197,-0.2157742020575045,0.1712295921742662,0.9732160172066266,0
45,45,0.0245901639344264,-0.0386764705882352,-0.011174512601046,-0.13860103626943,-0.1173832761804273,0.1367454401438987,0.9732160172066266,0
46,46,0.2047228727556598,-0.0081617647058822,0.0741203043271516,0.2593911917098446,0.5159588499076762,-0.0356753200079384,0.9732160172066266,0
47,47,0.2524395003903201,0.0222426470588235,0.0455004755111745,0.0795012953367875,0.3095489316802954,0.0074298700300208,0.9732160172066266,0
48,48,0.3001561280249806,0.0526470588235294,0.0168806466951972,-0.1003886010362694,0.1031390134529148,0.0505350600679801,0.9732160172066266,0
49,49,0.253512880562061,0.0548529411764706,-0.1005706134094152,-0.3280440414507772,0.1380902136639409,0.086250788956575,0.9732160172066266,0
50,50,-0.0733801717408272,0.0204411764705882,0.0958155016642891,-0.0544041450777201,-0.0793985755737272,0.0259035229034319,0.9732160172066266,0
51,51,0.0120999219359877,0.070735294117647,0.1142415596766524,-0.2623056994818653,0.0999736217356898,-0.0837068174788074,0.9732160172066266,0
52,52,0.0792349726775958,-0.1083823529411764,0.1300523062291964,-0.1560880829015543,-0.210762331838565,0.0677771360831638,0.9732160172066266,0
53,53,0.1580796252927401,0.1233823529411764,-0.0754873989538754,0.1211139896373057,-0.4315484041150092,0.1256612484198521,0.9732160172066266,0
54,54,0.2743950039032007,0.1739705882352941,-0.2045886828340467,0.205958549222798,0.2102347665523609,0.2315768582274092,0.9732160172066266,0
55,55,0.2451209992193599,0.0435294117647058,-0.2184973846885402,-0.0369170984455958,0.1068319704563439,0.1121139029793505,0.9732160172066266,0
56,56,0.1202185792349729,0.0664705882352941,0.0961721350451735,-0.4857512953367875,-0.2482194671590609,0.0628508286502542,0.9732160172066266,0
57,57,-0.097189695550351,-0.1033823529411764,-0.0501664289110794,0.0602331606217617,-0.1711949353732524,0.092408673247712,0.9732160172066266,0
58,58,0.2482435597189696,-0.0455882352941175,-0.0647883975273419,-0.2001295336787564,0.3168029543656028,-0.055380549739577,0.9732160172066266,0
59,59,-0.1100702576112409,0.0294117647058823,0.1688064669519734,0.3588082901554404,0.1419150619889211,-0.0763173563294429,0.9732160172066266,0
60,60,0.021857923497268,0.1083823529411764,0.0429148834997622,0.0660621761658031,-0.2629912951727776,-0.001191167977571,0.9732160172066266,0
61,61,0.2962529274004685,0.1111764705882352,0.0990252020922491,-0.1178756476683937,-0.1403323661303085,0.0788613278072105,0.9732160172066266,0
62,62,0.2900078064012491,0.0555882352941176,0.0480266286257727,-0.2130829015544041,-0.3814297019256132,0.1613769773084469,0.9732160172066266,0
63,63,0.3313817330210774,0.0988235294117647,-0.0366143604374702,0.3439119170984456,0.2131363756264838,0.1946295524805869,0.9732160172066266,0
64,64,0.2408274785323966,0.0375,-0.3649548264384214,-0.294041450777202,-0.5217620680559218,0.152755939300855,0.9732160172066266,0
65,65,-0.0195160031225602,-0.1035294117647058,-0.2897051830718023,0.0673575129533679,0.270113426536534,0.1564506698755373,0.9732160172066266,0
66,66,0.0040983606557379,-0.0670588235294117,0.0552187351402757,-0.1868523316062176,0.0428646795040886,-0.0609226456016003,0.9732160172066266,0
67,67,0.1202185792349729,0.0305882352941176,0.1951973371374228,-0.496761658031088,-0.5352149828541282,-0.0627700108889414,0.9732160172066266,0
68,68,0.2220921155347385,0.0816176470588235,0.0790537327627198,-0.0174870466321243,-0.4885254550250593,-0.0036543216940258,0.9732160172066266,0
69,69,0.3079625292740048,0.0563235294117647,-0.0285306704707559,-0.3316062176165802,-0.5626483777367449,0.1268928252780795,0.9732160172066266,0
70,70,0.1547619047619049,0.0767647058823529,-0.068770803613885,-0.4860751295336787,-0.1330783434450013,0.1053402302590998,0.9732160172066266,0
71,71,0.2162373145979704,0.033235294117647,-0.0198525915359011,-0.0906735751295336,-0.2257979424953837,0.1490612087261728,0.9732160172066266,0
72,72,-0.0772833723653393,0.0076470588235294,0.1833095577746076,0.2966321243523316,0.1722500659456607,0.1810822070400854,0.9732160172066266,0
73,73,0.2660031225604997,-0.005220588235294,-0.0410722776985259,-0.2496761658031088,-0.3338169348456871,0.0283666766198867,0.9732160172066266,0
74,74,0.0948477751756443,0.1286764705882352,0.0234189253447456,0.4831606217616581,0.2057504616196255,0.0837876352401201,0.9732160172066266,0
75,75,0.217408274785324,0.0520588235294117,-0.1124583927722302,0.3322538860103627,0.2279082036402005,0.0837876352401201,0.9732160172066266,0
76,76,0.2064793130366901,0.0352941176470588,0.0322158820732287,-0.397020725388601,-0.2511210762331838,0.1071875955464409,0.9732160172066266,0
77,77,0.1340749414519908,0.0477941176470588,0.0240133143128863,-0.0553756476683937,-0.0840147718280136,0.0727034435160735,0.9732160172066266,0
78,78,0.1440281030444965,0.0633823529411764,0.1705896338563954,-0.354922279792746,-0.1746241097335795,0.0148193311793852,0.9732160172066266,0
79,79,-0.0964090554254485,-0.0491176470588234,0.076795054683785,0.4041450777202072,-0.0812450540754418,-0.0369068968661659,0.9732160172066266,0
80,80,0.1992583918813428,0.113235294117647,0.0089752734189253,-0.0566709844559585,0.0044843049327354,0.01728248489584,0.9732160172066266,0
81,81,0.4231069476971116,0.1058823529411764,0.0145030908226343,-0.3808290155440414,-0.6077552097072012,0.1539875161590824,0.9732160172066266,0
82,82,0.2501951600312256,-0.1110294117647059,-0.1006894912030433,-0.3983160621761658,-0.1994196781851754,0.1724611690324936,0.9732160172066266,0
83,83,0.0550351288056208,-0.0469117647058822,-0.1235140275796481,0.0829015544041451,-0.0303350039567396,-0.001191167977571,0.9732160172066266,0
84,84,0.1005074160811868,0.0283088235294117,-0.0635401806942463,-0.1836139896373056,-0.1957267211817462,-0.055380549739577,0.9732160172066266,0
85,85,0.0644028103044499,0.0655882352941176,-0.1025915359010937,-0.2843264248704663,-0.3123186494328673,-0.0295174357168014,0.9732160172066266,0
86,86,0.0210772833723656,0.0535294117647058,-0.1063956252971946,0.2085492227979275,0.0258506990240042,0.0517666369262075,0.9732160172066266,0
87,87,-0.1186572989851675,-0.0519117647058823,-0.1887779362815027,0.0971502590673575,0.1561593247164336,0.065313982366709,0.9732160172066266,0
88,88,0.2298985167837627,-0.0121323529411764,-0.0529006181645269,-0.216321243523316,-0.170139804800844,0.0683929245122775,0.9732160172066266,0
89,89,0.1280249804839971,-0.0135294117647058,0.0367332382310984,0.1819948186528497,0.0764969664996043,0.0222087923287497,0.9732160172066266,0
90,90,0.178376268540203,0.0389705882352941,0.0660960532572516,-0.0369170984455958,0.0917963597995252,0.01728248489584,0.9732160172066266,0
91,91,-0.0308352849336453,0.0883823529411764,0.066452686638136,-0.3892487046632124,-0.3041413874967027,0.004966716313566,0.9732160172066266,0
92,92,0.173497267759563,0.0239705882352941,-0.171600095102235,0.0890544041450777,0.0846742284357689,0.1225823062742835,0.9732160172066266,0
93,93,0.3602654176424669,0.1419117647058823,-0.055397051830718,-0.0433937823834196,-0.2323925085729359,0.2131032053539981,0.9732160172066266,0
94,94,0.1826697892271663,-0.0136764705882352,0.1474084640989064,-0.2046632124352331,-0.2279082036402004,0.1392085938603535,0.9732160172066266,0
95,95,-0.0195160031225602,-0.0380882352941175,0.3009985734664765,-0.2027202072538859,0.3292007385914007,-0.0467595117319851,0.9732160172066266,0
96,96,0.1373926619828261,-0.021985294117647,-0.0088563956252971,0.0440414507772021,-0.1184384067528356,-0.0208963977092095,0.9732160172066266,0
97,97,0.468384074941452,0.0491176470588235,-0.0723965763195435,-0.3102331606217616,-0.2753890793985755,0.0259035229034319,0.9732160172066266,0
98,98,0.1342701014832165,-0.0355882352941175,0.1740370898716119,-0.1547927461139896,-0.034819308889475,0.0135877543211578,0.9732160172066266,0
99,99,0.1479313036690087,0.0710294117647059,0.0995007132667616,-0.0239637305699481,-0.1570825639672909,0.0259035229034319,0.9732160172066266,0
100,100,0.1986729117876659,0.1429411764705882,-0.0437470280551592,-0.5576424870466321,-0.6562912160379847,0.1638401310249017,0.9732160172066266,0
101,101,0.176424668227947,-0.0057352941176469,-0.2089871611982882,-0.049222797927461,0.031390134529148,0.1663032847413565,0.9732160172066266,0
102,102,0.1440281030444965,-0.0117647058823528,-0.4230860675225869,0.2221502590673575,0.4017409654444738,0.1613769773084469,0.9732160172066266,0
103,103,0.2925448868071819,-0.0728676470588235,-0.0998573466476462,0.1353626943005181,0.003165391717225,0.146598055009718,0.9732160172066266,0
104,104,0.2466822794691648,0.0542647058823529,-0.1081787922016168,-0.8711139896373057,-0.2083882880506462,-0.109569931501583,0.9732160172066266,0
105,105,0.1522248243559719,-0.0361764705882352,0.1298145506419401,-0.2713730569948186,-0.2302822474281192,-0.0837068174788074,0.9732160172066266,0
106,106,0.18384074941452,0.0099999999999999,0.1373038516405136,-0.0919689119170984,-0.2410973357953046,-0.0590752803142592,0.9732160172066266,0
107,107,0.3536299765807963,0.0802205882352941,0.0061816452686638,-0.3911917098445596,-0.5253231337378002,0.0388350799148197,0.9732160172066266,0
108,108,0.2708821233411398,-0.0108823529411764,-0.3070613409415122,-0.3452072538860103,-0.5761012925349511,0.1330507095692165,0.9732160172066266,0
109,109,0.0355191256830603,-0.0604411764705881,-0.3065858297669996,-0.1366580310880829,-0.1614349775784753,0.0628508286502542,0.9732160172066266,0
110,110,0.0343481654957067,-0.0257352941176469,0.0402995720399429,0.0485751295336788,0.1068319704563439,0.1207349409869424,0.9732160172066266,0
111,111,0.0930913348946138,-0.0031617647058823,-0.10122444127437,-0.0476036269430051,-0.0543392244790292,0.1244296715616246,0.9732160172066266,0
112,112,0.2888368462138955,0.1058823529411764,-0.0802425106990015,-0.0161917098445595,0.0108150883671854,0.0308298303363415,0.9732160172066266,0
113,113,0.0612802498048402,0.093235294117647,-0.0378031383737517,0.5518134715025907,0.0168820891585333,0.1552190930173099,0.9732160172066266,0
114,114,0.1928181108508978,0.0317647058823529,-0.0631835473133619,-0.1036269430051813,-0.0386441572144552,0.0850192120983475,0.9732160172066266,0
115,115,0.08704137392662,-0.0719117647058823,-0.1899667142177841,-0.1152849740932642,0.0910050118702189,-0.0221279745674369,0.9732160172066266,0
116,116,-0.0839188134270098,-0.1411764705882353,0.1488349976224441,-0.0459844559585491,-0.2811922975468214,-0.2056329264433209,0.9732160172066266,0
117,117,0.1608118657298986,0.0285294117647058,-0.0480266286257727,-0.2590673575129533,0.2959641255605382,-0.2290328867496416,0.9732160172066266,0
118,118,0.1063622170179549,0.0077205882352941,-0.0410128388017119,-0.1389248704663212,-0.3059878659984173,-0.0375226852952796,0.9732160172066266,0
119,119,0.1428571428571429,0.0645588235294117,-0.0788159771754637,-0.2014248704663212,-0.6372988657346347,-0.0270542820003466,0.9732160172066266,0
120,120,0.0249804839968777,0.0723529411764705,-0.0839277223014741,-0.1327720207253885,-0.3658665259825903,0.0394508683439334,0.9732160172066266,0
121,121,0.2310694769711164,0.0385294117647058,0.0605087969567286,-0.3076424870466321,-0.2587707728831442,0.1392085938603535,0.9732160172066266,0
122,122,0.1567135050741609,-0.0215441176470587,-0.0146219686162625,-0.3536269430051814,-0.2720917963597995,0.044377175776843,0.9732160172066266,0
123,123,0.2314597970335676,-0.0110294117647058,0.18830242510699,-0.2525906735751295,-0.1611711949353732,0.0025035625971111,0.9732160172066266,0
124,124,0.1065573770491805,-0.0205882352941175,0.0147408464098905,0.1217616580310881,0.2988657346346611,0.0222087923287497,0.9732160172066266,0
125,125,0.0511319281811087,-0.0016176470588234,0.0452924393723253,-0.1496113989637305,-0.5383803745713531,-0.0664647414636236,0.9732160172066266,0
126,126,0.2636612021857924,0.01875,-0.0214574417498811,-0.3018134715025906,-0.2689264046425745,0.0025035625971111,0.9732160172066266,0
127,127,0.0546448087431696,-0.0536764705882352,-0.0704945316214931,-0.3270725388601035,-0.2271168557108941,0.0763981740907557,0.9182426674972236,0
128,128,0.1885245901639345,0.0333823529411764,-0.1871136471707086,-0.2797927461139896,-0.2395146399366921,0.1379770170021261,0.9182426674972236,0
129,129,0.1865729898516785,-0.0417647058823528,0.0162862577270566,-0.300841968911917,-0.2996570825639673,-0.0165858787054136,0.9182426674972236,0
130,130,0.0686963309914132,0.0086764705882352,-0.0217546362339515,0.0770725388601036,0.2334476391453443,0.0394508683439334,0.9182426674972236,0
131,131,0.2626854020296644,0.0223529411764705,-0.0569424631478839,-0.5136010362694301,-0.5346874175679239,0.0037351394553385,0.9182426674972236,0
132,132,0.3782201405152225,0.0970588235294117,-0.1488349976224442,-0.1165803108808289,0.0287523080981271,0.0419140220603882,0.9182426674972236,0
133,133,0.1358313817330212,-0.001985294117647,-0.0926058012363291,0.2956606217616581,-0.1429701925613294,0.1712295921742662,0.9182426674972236,0
134,134,0.371584699453552,0.0066176470588235,0.3370185449358059,-0.3484455958549222,-0.0981271432339751,0.2094084747793158,0.9182426674972236,0
135,135,0.0706479313036692,-0.0708823529411764,0.1082976699952449,0.0401554404145078,0.0978633605908731,0.0308298303363415,0.9182426674972236,0
136,136,-0.2392661982825914,-0.0601470588235293,0.0823823109843081,0.0867875647668394,0.0812450540754418,0.0234403691869771,0.9182426674972236,0
137,137,0.1526151444184232,0.1067647058823529,0.4051949595815505,-0.0375647668393781,-0.4620152993932999,0.0579245212173445,0.9182426674972236,0
138,138,0.1170960187353632,-0.0173529411764705,0.3752971944840704,-0.1742227979274611,0.4162490108150884,-0.0381384737243933,0.9182426674972236,0
139,139,0.1729117876658861,0.0276470588235294,-0.2546362339514979,-0.2409326424870466,-0.2534951200211026,0.1281244021363069,0.9182426674972236,0
140,140,0.5632318501170961,0.0551470588235294,-0.1843794579172611,-0.2875647668393782,-0.4668952782906884,0.2192610896451351,0.9182426674972236,0
141,141,0.1934035909445747,-0.0697058823529411,-0.1430694246314788,-0.0965025906735751,-0.0176734370878395,0.2143347822122255,0.9182426674972236,0
142,142,0.1756440281030445,-0.0616176470588234,0.0438659058487875,-0.0835492227979274,-0.0688472698496438,0.1231980947033972,0.9182426674972236,0
143,143,-0.0628415300546445,-0.1361764705882353,0.2030432715168806,-0.1806994818652849,0.0770245317858085,-0.0356753200079384,0.9182426674972236,0
144,144,0.1188524590163936,0.0388235294117647,0.2295530194959582,-0.280440414507772,-0.3454233711421788,-0.0664647414636236,0.9182426674972236,0
145,145,0.1487119437939111,-0.0183823529411764,0.0087969567284831,-0.3361398963730569,-0.04431548404115,-0.0418332042990755,0.9182426674972236,0
146,146,0.4555035128805621,0.1426470588235294,0.0826200665715645,-0.0259067357512952,0.160379847006067,0.1207349409869424,0.9182426674972236,0
147,147,0.2041373926619829,0.1072058823529411,-0.1934141702330005,-0.1191709844559585,-0.2854128198364547,0.2451242036679107,0.9182426674972236,0
148,148,0.0212724434035912,-0.1203676470588235,-0.2583214455539706,-0.0505181347150258,-0.3007122131363756,0.1749243227489484,0.9182426674972236,0
149,149,0.1416861826697893,0.0058823529411765,0.1022349025202092,0.0809585492227979,0.1432339752044315,0.1244296715616246,0.9182426674972236,0
150,150,-0.0015612802498045,-0.1997058823529411,0.1752258678078935,0.0129533678756477,-0.305196518069111,0.065313982366709,0.9182426674972236,0
151,151,0.2950819672131148,0.0864705882352941,0.0606276747503568,-0.3976683937823834,-0.166974413083619,-0.0849383943370348,0.9182426674972236,0
152,152,0.1065573770491805,-0.0469117647058823,-0.2223609129814551,-0.1194948186528497,-0.0846742284357689,4.0408880656372936e-05,0.9182426674972236,0
153,153,0.3575331772053084,0.0599999999999999,-0.1854493580599144,0.0369170984455958,0.0369295700342917,0.098566557538849,0.9182426674972236,0
154,154,0.2392661982825918,0.0623529411764705,0.0580123632905373,0.1016839378238342,-0.2331838565022421,0.2562083953919574,0.9182426674972236,0
155,155,0.1990632318501171,-0.0679411764705881,0.0737042320494532,-0.3296632124352331,-0.1202848852545502,0.206945321062861,0.9182426674972236,0
156,156,0.1235362997658081,-0.0684558823529411,0.1387898240608653,-0.0683290155440414,0.0009232392508573,0.0326771956236827,0.9182426674972236,0
157,157,0.1225604996096802,-0.1388235294117646,0.2368045649072754,-0.2305699481865284,-0.1524663677130044,0.0431455989186156,0.9182426674972236,0
158,158,-0.0987509758001558,0.0041176470588235,-0.0425582501188778,0.3808290155440414,0.1495647586388815,0.0148193311793852,0.9182426674972236,0
159,159,0.461943793911007,0.1341176470588235,0.0296600095102235,-0.3801813471502591,-0.2102347665523608,0.0856350005274612,0.9182426674972236,0
160,160,0.1444184231069478,0.0227941176470588,-0.3151450309082264,0.3432642487046632,0.1490371933526774,0.1663032847413565,0.9182426674972236,0
161,161,0.2599531615925059,-0.0244117647058822,-0.329885877318117,-0.0854922279792745,0.2495383803745714,0.1576822467337646,0.9182426674972236,0
162,162,-0.104605776736924,-0.0861764705882352,-0.1198288159771755,0.3704663212435233,0.4450013189132156,0.1047244418299861,0.9182426674972236,0
163,163,0.1051912568306013,-0.0883823529411764,0.0438064669519733,-0.0709196891191709,0.0884990767607491,-0.0085806291269354,0.9182426674972236,0
164,164,0.0788446526151446,-0.0302941176470587,0.1204232049453162,-0.1502590673575129,-0.3334212608810339,-0.0787805100458977,0.9182426674972236,0
165,165,0.1994535519125684,-0.0179411764705881,0.1443176414645745,-0.4669689119170984,-0.7364811395410181,-0.0110437828433903,0.9182426674972236,0
166,166,0.4644808743169399,0.200735294117647,0.3219210651450308,0.0958549222797928,0.2234238987074651,0.1034928649717587,0.9182426674972236,0
167,167,0.1768149882903983,-0.0350735294117647,0.0702567760342368,-0.1897668393782383,-0.5823001846478502,0.1780032648945169,0.9182426674972236,0
168,168,0.3708040593286495,0.1152941176470588,0.2258678078934854,-0.477979274611399,-0.6755473489844368,0.2118716284957707,0.9182426674972236,0
169,169,0.060889929742389,-0.1016176470588235,0.0153352353780313,-0.1787564766839378,-0.0722764442099709,0.1933979756223595,0.9182426674972236,0
170,170,-0.0967993754878998,-0.1754411764705882,0.150261531145982,0.447538860103627,0.4782379319440781,0.0517666369262075,0.9182426674972236,0
171,171,0.0191256830601095,-0.0421323529411764,0.1313005230622919,-0.0323834196891191,-0.1831970456343972,-0.1027962587813322,0.9182426674972236,0
172,172,0.23224043715847,0.0967647058823529,0.0436281502615312,0.0233160621761658,-0.0514376154049063,0.1022612881135313,0.9182426674972236,0
173,173,0.1549570647931304,0.0894117647058823,0.0019020446980504,0.1534974093264249,0.022157742020575,0.146598055009718,0.9182426674972236,0
174,174,0.1528103044496488,0.0349999999999999,-0.174869234427009,-0.1447538860103626,-0.0684515958849907,0.1687664384578114,0.9182426674972236,0
175,175,0.5085870413739266,0.055,-0.2233713742272944,-0.1696891191709844,-0.2986019519915589,0.1663032847413565,0.9182426674972236,0
176,176,0.1748633879781421,-0.0467647058823528,0.0955777460770328,-0.4715025906735751,-0.1163281456080189,0.059156098075572,0.9182426674972236,0
177,177,0.1049960967993757,-0.1505882352941176,0.0663338088445079,-0.591321243523316,-0.082036402004748,0.044377175776843,0.9182426674972236,0
178,178,0.1813036690085872,-0.0330882352941175,0.0845815501664289,-0.483160621761658,-0.4963070429965708,-0.0547647613104633,0.9182426674972236,0
179,179,0.2743950039032007,-0.0783823529411764,0.0099857346647646,-0.3011658031088082,-0.3576892640464257,0.01728248489584,0.9182426674972236,0
180,180,0.3508977361436378,0.1329411764705882,-0.1721350451735616,-0.316062176165803,-0.3608546557636507,0.1478296318679454,0.9182426674972236,0
181,181,0.2486338797814208,0.0311764705882352,-0.1799809795530196,-0.005181347150259,-0.1107887101028752,0.1367454401438987,0.9182426674972236,0
182,182,0.2542935206869633,-0.0294117647058822,-0.0903471231573943,-0.1502590673575129,-0.0478765497230282,0.1804664186109717,0.9182426674972236,0
183,183,0.1049960967993757,-0.0548529411764705,-0.0285306704707559,-0.5349740932642487,-0.3408071748878923,0.1355138632856713,0.9182426674972236,0
184,184,0.1818891491022639,-0.0845588235294117,-0.0425582501188778,-0.0433937823834196,-0.141651279345819,4.0408880656372936e-05,0.9182426674972236,0
185,185,0.3454332552693209,0.0898529411764705,0.049096528768426,-0.9177461139896372,-0.1867581113162753,0.0850192120983475,0.9182426674972236,0
186,186,0.2644418423106948,-0.0206617647058823,-0.1403946742748455,0.0191062176165803,0.2554734898443682,0.0973349806806216,0.9182426674972236,0
187,187,0.4465261514441843,0.0022058823529412,0.0928435568235853,-0.4702072538860103,-0.3619097863360591,0.1650717078831291,0.9182426674972236,0
188,188,0.092505854800937,0.0092647058823529,-0.1325487398953876,-0.1308290155440414,0.1740965444473753,0.0579245212173445,0.9182426674972236,0
189,189,0.2572209211553474,-0.0005882352941175,0.0823823109843081,0.1496113989637306,0.3735162226325508,0.0936402501059394,0.9182426674972236,0
190,190,0.2605386416861827,0.036985294117647,-0.0949833571088921,-0.2098445595854922,-0.1246372988657346,0.0813244815236653,0.9182426674972236,0
191,191,0.0862607338017176,0.055735294117647,-0.0678792201616738,-0.3542746113989636,-0.160643629649169,0.092408673247712,0.9182426674972236,0
192,192,0.0983606557377051,-0.0310294117647058,0.0087969567284831,-0.371761658031088,-0.2279082036402004,0.1047244418299861,0.9182426674972236,0
193,193,-0.02751756440281,-0.070735294117647,-0.0242510699001426,-0.0735103626943004,-0.1692165655499868,0.044377175776843,0.9182426674972236,0
194,194,0.0909445745511322,-0.0494117647058822,0.0759629101283879,-0.1586787564766839,-0.2337114217884463,0.0197456386122949,0.9182426674972236,0
195,195,0.4648711943793912,0.0335294117647058,-0.0858297669995246,-0.0155440414507771,0.0224215246636771,0.1108823261211231,0.9182426674972236,0
196,196,0.1982825917252147,-0.0491176470588234,0.0319781264859724,-0.066062176165803,-0.1139541018201002,0.1244296715616246,0.9182426674972236,0
197,197,0.1707650273224045,-0.0151470588235294,-0.0639562529719448,-0.1058937823834196,-0.220522289633342,0.0560771559300034,0.9182426674972236,0
198,198,0.0679156908665108,-0.0026470588235293,-0.0210413694721824,-0.1249999999999999,-0.1194935373252439,0.1429033244350358,0.9182426674972236,0
199,199,0.3430913348946136,-0.1494117647058823,-0.1269614835948646,-0.2402849740932642,-0.1281983645476127,0.1207349409869424,0.9182426674972236,0
200,200,0.2779078844652616,0.1411764705882353,-0.2993342843556824,0.0440414507772021,0.6011606436296492,-0.2056329264433209,0.9182426674972236,0
201,201,0.0573770491803281,-0.0476470588235293,-0.2347836424155968,0.1292098445595855,-0.0582959641255604,0.2050979557755199,0.9182426674972236,0
202,202,0.2701014832162374,-0.038970588235294,0.016642891107941,-0.0453367875647667,-0.0458981798997625,0.1552190930173099,0.9182426674972236,0
203,203,-0.0589383294301324,-0.1526470588235294,0.2055397051830718,-0.4436528497409326,-0.110261144816671,0.0025035625971111,0.9182426674972236,0
204,204,-0.0846994535519123,-0.0623529411764705,0.1461008083689968,0.2020725388601036,0.2186758111316276,-0.1009488934939911,0.9182426674972236,0
205,205,0.1703747072599533,-0.0136029411764705,0.092546362339515,-0.1094559585492227,-0.3809021366394091,0.0129719658920441,0.9182426674972236,0
206,206,0.3013270882123342,0.0988235294117647,-0.007132667617689,-0.233160621761658,-0.6388815615932472,0.1515243624426276,0.9182426674972236,0
207,207,0.3868071818891492,0.1377941176470588,0.0057061340941512,-0.6036269430051814,-0.1255605381165919,0.0394508683439334,0.9182426674972236,0
208,208,0.3298204527712726,-0.0706617647058823,-0.223846885401807,-0.1955958549222797,-0.022157742020575,0.206945321062861,0.9182426674972236,0
209,209,0.1366120218579237,-0.158235294117647,0.0343556823585354,-0.0712435233160621,-0.0994460564494855,0.0394508683439334,0.9182426674972236,0
210,210,0.1233411397345826,-0.013970588235294,0.0122444127436994,-0.0686528497409326,-0.0385122658929042,0.0037351394553385,0.9182426674972236,0
211,211,0.0878220140515225,-0.0038235294117646,-0.0868996671421779,0.1237046632124352,0.1266156686890003,-0.0393700505826207,0.9182426674972236,0
212,212,0.1701795472287276,0.0336029411764706,0.0731098430813124,0.0310880829015544,0.1642046953310472,0.0825560583818927,0.9182426674972236,0
213,213,0.3645589383294302,0.010735294117647,0.0042796005706133,-0.538860103626943,-0.3524136111843841,0.0554613675008897,0.9182426674972236,0
214,214,0.146760343481655,-0.0227941176470587,0.1569186875891582,-0.2577720207253886,-0.2316011606436296,0.0616192517920268,0.9182426674972236,0
215,215,0.1799375487900079,0.1216176470588235,-0.0398240608654303,-0.1664507772020725,-0.4099182273806383,0.1219665178451698,0.9182426674972236,0
216,216,0.1229508196721313,-0.0292647058823528,-0.0525439847836425,-0.0171632124352331,-0.0640991822738063,0.1453664781514906,0.9182426674972236,0
217,217,0.1530054644808744,-0.033970588235294,-0.1482406086543034,-0.4812176165803108,-0.3898707465048799,0.0690087129413912,0.9182426674972236,0
218,218,0.1549570647931304,0.0573529411764705,0.0722776985259153,-0.1981865284974093,-0.1785808493801107,0.1133454798375779,0.9182426674972236,0
219,219,0.1412958626073381,0.0263235294117647,0.0323347598668568,-0.2985751295336787,-0.1598522817198628,0.2414294730932285,0.9182426674972236,0
220,220,0.1799375487900079,-0.001470588235294,-0.0485021398002854,-0.1703367875647668,-0.1206805592192033,0.081940269952779,0.9182426674972236,0
221,221,0.2540983606557378,-0.0048529411764705,0.0662149310508798,-0.580958549222798,-0.3801107887101028,0.0973349806806216,0.9182426674972236,0
222,222,0.3961748633879782,0.0251470588235294,-0.027698525915359,-0.6379533678756477,-0.4539699287786863,0.086250788956575,0.9182426674972236,0
223,223,0.1506635441061671,0.0463235294117647,0.0670470756062767,-0.3814766839378238,-0.3352677393827485,0.0899455195312572,0.9182426674972236,0
224,224,0.1717408274785324,-0.0295588235294117,0.0018426058012364,-0.0401554404145077,-0.0273015035610656,0.0961034038223942,0.9182426674972236,0
225,225,0.1693989071038252,-0.0144117647058822,0.0121255349500712,0.0032383419689119,0.015826958586125,0.0640824055084816,0.9182426674972236,0
226,226,0.1209992193598753,-0.0245588235294117,-0.1141226818830243,-0.035621761658031,-0.1904510683197045,0.071471866657846,0.9182426674972236,0
227,227,0.1854020296643248,0.0372058823529411,-0.2250356633380885,-0.2273316062176165,-0.166974413083619,0.0074298700300208,0.8843821069890172,0
228,228,0.2158469945355192,-0.0254411764705882,0.0026153114598193,-0.371761658031088,-0.2085201793721973,0.0880981542439161,0.8843821069890172,0
229,229,0.2451209992193599,0.005,0.0323347598668568,-0.121761658031088,-0.1419150619889211,0.1268928252780795,0.8843821069890172,0
230,230,0.0827478532396567,0.0666176470588235,-0.0739419876367095,0.0362694300518134,0.1189659720390398,0.1576822467337646,0.8843821069890172,0
231,231,0.2166276346604216,0.0027941176470588,-0.075130765572991,-0.2914507772020725,-0.4724347137958322,0.1145770566958054,0.8843821069890172,0
232,232,0.0952380952380954,-0.0816176470588235,0.0209819305753684,-0.3125,-0.2086520706937483,-0.0547647613104633,0.8843821069890172,0
233,233,0.2775175644028104,0.088235294117647,0.0255587256300523,-0.1392487046632124,-0.2569242943814297,-0.0492226654484399,0.8843821069890172,0
234,234,0.1924277907884466,0.038235294117647,0.110794103661436,0.0317357512953368,-0.1756792403059878,0.0332929840527964,0.8843821069890172,0
235,235,0.1422716627634662,0.0404411764705882,0.0581312410841654,-0.1596502590673574,-0.279873384331311,0.2180295127869077,0.8843821069890172,0
236,236,0.0257611241217801,-0.0644117647058823,-0.038040893961008,0.0200777202072539,-0.1055130572408335,0.092408673247712,0.8843821069890172,0
237,237,0.2529274004683842,0.0379411764705882,-0.1929386590584879,-0.035621761658031,-0.2814560801899235,0.173692745890721,0.8843821069890172,0
238,238,0.1139734582357535,-0.0626470588235293,-0.2601046124583929,-0.0880829015544041,-0.311263518860459,0.1810822070400854,0.8843821069890172,0
239,239,0.0546448087431695,-0.0955147058823529,-0.1355801236329054,0.1272668393782384,0.1631495647586389,0.0462245410641842,0.8843821069890172,0
240,240,0.1288056206088995,0.0375,0.0489776509747978,-0.3490932642487046,-0.2513848588762859,-0.0196648208509821,0.8843821069890172,0
241,241,-0.0007806401249021,0.0869117647058823,-0.0171184022824536,0.0045336787564767,0.0110788710102875,-0.0492226654484399,0.8843821069890172,0
242,242,0.2962529274004685,0.0613235294117647,-0.0947456015216358,0.0939119170984456,0.0400949617515167,0.0887139426730298,0.8843821069890172,0
243,243,0.2511709601873537,-0.0158088235294117,0.0207441749881123,-0.15220207253886,-0.1412556053811658,0.1151928451249191,0.8843821069890172,0
244,244,0.0823575331772055,-0.0091176470588234,0.1371849738468854,-0.4682642487046632,-0.6874175679240305,0.0554613675008897,0.8843821069890172,0
245,245,0.1330991412958628,-0.0435294117647058,0.0009510223490251,0.0064766839378238,0.6388815615932472,0.0222087923287497,0.8843821069890172,0
246,246,0.2267759562841531,-0.0379411764705881,0.1096053257251545,-0.8341968911917098,-0.6494328673173305,0.0616192517920268,0.8843821069890172,0
247,247,0.2000390320062452,0.0231617647058823,0.0349500713266761,-0.1224093264248704,-0.1829332629912951,0.0683929245122775,0.8843821069890172,0
248,248,0.3306010928961749,0.0389705882352941,-0.5082025677603424,0.0809585492227979,-0.2104985491954629,0.1638401310249017,0.8843821069890172,0
249,249,0.384855581576893,-0.0742647058823529,-0.194602948169282,-0.2655440414507771,-0.3824848324980216,0.0763981740907557,0.8843821069890172,0
250,250,0.2267759562841531,0.0298529411764705,-0.2167142177841179,0.0518134715025907,-0.1405961487734106,0.1059560186882135,0.8843821069890172,0
251,251,0.2603434816549571,-0.02,-0.0203875416072277,-0.2917746113989636,-0.1556317594302294,0.1546033045881961,0.8843821069890172,0
252,252,0.0733801717408277,-0.1016176470588235,0.2068473609129815,-0.3400259067357513,-0.2848852545502506,-0.061538434030714,0.8843821069890172,0
253,253,0.1701795472287276,0.0711764705882352,0.1953162149310509,-0.1023316062176165,-0.7778950145080453,-0.0504542423066673,0.8843821069890172,0
254,254,0.0620608899297426,0.0533823529411764,0.3169281978126486,-0.1450777202072538,-0.1590609337905565,0.011124600604703,0.8843821069890172,0
255,255,0.3003512880562061,-0.0013235294117646,-0.1390870185449359,0.2363989637305699,0.0367976787127407,0.1767716880362895,0.8843821069890172,0
256,256,0.1147540983606559,-0.0995588235294117,-0.0360199714693295,-0.2428756476683937,-0.2645739910313901,0.1761558996071758,0.8843821069890172,0
257,257,0.1682279469164715,-0.0497058823529411,0.0823823109843081,0.3076424870466321,0.1477182801371669,0.1429033244350358,0.8843821069890172,0
258,258,0.1003122560499611,0.0174264705882353,-0.1626842605801236,0.1188471502590673,0.1766024795568451,0.1342822864274439,0.8843821069890172,0
259,259,0.1686182669789228,-0.0683823529411764,0.0625297194484071,0.0485751295336788,-0.2057504616196254,0.0468403294932979,0.8843821069890172,0
260,260,0.3727556596409056,0.0505882352941176,-0.0313837375178317,0.1424870466321244,0.3247164336586653,0.2081768979210884,0.8843821069890172,0
261,261,0.169008587041374,-0.0701470588235294,0.2728245363766047,-0.0505181347150258,0.2434713795832235,0.1084191724046683,0.8843821069890172,0
262,262,0.2697111631537862,-0.0066176470588235,0.156740370898716,-0.3435880829015544,-0.226721181746241,0.0911770963894846,0.8843821069890172,0
263,263,0.0394223263075724,0.0655882352941176,-0.1519258202567761,0.344559585492228,-0.1870218939593774,0.1712295921742662,0.8843821069890172,0
264,264,0.3821233411397347,0.038235294117647,0.00641940085592,-0.3270725388601035,-0.1424426272751252,0.1638401310249017,0.8843821069890172,0
265,265,0.1155347384855584,0.0057352941176471,-0.0221112696148359,-0.1722797927461139,-0.1361118438406752,0.2525136648172752,0.8843821069890172,0
266,266,0.2220921155347385,-0.0704411764705882,0.0121255349500712,-0.2655440414507771,-0.2416249010815088,0.0880981542439161,0.8843821069890172,0
267,267,0.2740046838407495,0.070735294117647,0.098906324298621,-0.3277202072538859,-0.4154576628857821,0.1034928649717587,0.8843821069890172,0
268,268,0.2634660421545668,-0.0338235294117646,-0.1475273418925345,-0.191062176165803,-0.2587707728831442,0.1392085938603535,0.8843821069890172,0
269,269,0.1748633879781421,-0.0460294117647058,-0.0165240133143129,-0.2150259067357512,-0.7206541809548932,0.200787436771724,0.8843821069890172,0
270,270,0.3676814988290399,0.0298529411764705,-0.1655967665240134,-0.4073834196891191,-0.264178317066737,0.2020190136299514,0.8843821069890172,0
271,271,0.1393442622950822,-0.0341176470588234,0.0915359010936757,-0.26360103626943,0.0458981798997626,0.119503364128715,0.8843821069890172,0
272,272,0.0862607338017176,-0.1033823529411764,0.0499286733238231,-0.2681347150259067,-0.1245054075441835,0.0468403294932979,0.8843821069890172,0
273,273,0.1151444184231072,-0.0294117647058822,0.0948644793152638,0.2487046632124352,0.2563967290952256,0.0308298303363415,0.8843821069890172,0
274,274,0.1471506635441063,0.0179411764705882,0.1463385639562531,-0.3827720207253886,-0.3379055658137694,0.01728248489584,0.8843821069890172,0
275,275,0.2189695550351288,0.060735294117647,0.3424869234427009,-0.0291450777202072,-0.3872329200738591,0.1256612484198521,0.8843821069890172,0
276,276,0.3516783762685402,0.0025,0.00320970042796,-0.5123056994818653,-0.5531522025850699,0.1823137838983128,0.8843821069890172,0
277,277,0.3471896955503514,-0.0437499999999999,-0.1837256300523063,0.0045336787564767,0.3121867581113163,0.1933979756223595,0.8843821069890172,0
278,278,0.2884465261514443,-0.0635294117647058,-0.1587018544935806,-0.0336787564766838,-0.0303350039567396,0.2180295127869077,0.8843821069890172,0
279,279,0.0917252146760346,-0.1022058823529411,-0.228601997146933,0.1224093264248705,0.20126615668689,0.1182717872704876,0.8843821069890172,0
280,280,0.2533177205308354,-0.0413235294117646,-0.1313599619591061,-0.2221502590673575,0.0514376154049063,0.0529982137844349,0.8843821069890172,0
281,281,0.0345433255269323,0.0026470588235294,0.0554564907275321,-0.1091321243523316,0.1280664732260617,0.0665455592249364,0.8843821069890172,0
282,282,0.0956284153005467,-0.0429411764705881,0.0762006657156443,-0.199481865284974,0.0047480875758375,0.0369877146274786,0.8843821069890172,0
283,283,0.0378610460577676,0.0066176470588235,0.280076081787922,-0.2363989637305699,-0.3160116064362964,0.0493034832097527,0.8843821069890172,0
284,284,0.2872755659640906,0.1026470588235294,0.1334403233475988,-0.3008419689119171,-0.1816143497757847,0.1385928054312398,0.8843821069890172,0
285,285,0.17096018735363,-0.0951470588235294,-0.0455301949595814,-0.3147668393782383,-0.1696122395146399,0.1478296318679454,0.8843821069890172,0
286,286,0.1338797814207653,-0.0136764705882352,0.1438421302900618,0.4935233160621761,0.4062252703772092,0.1823137838983128,0.8843821069890172,0
287,287,0.1916471506635442,0.0498529411764705,-0.0323347598668568,-0.2260362694300517,-0.3262991295172777,0.1108823261211231,0.8843821069890172,0
288,288,0.2037470725995316,-0.0849264705882352,-0.1060984308131242,-0.0055051813471502,-0.0176734370878395,0.102877076542645,0.8843821069890172,0
289,289,-0.0238095238095235,0.065,0.0318592486923442,-0.2415803108808289,-0.2558691638090213,0.0295982534781141,0.8843821069890172,0
290,290,0.1436377829820453,0.0460294117647058,0.1477650974797907,-0.1411917098445595,-0.1500923239250857,0.071471866657846,0.8843821069890172,0
291,291,0.5913348946135832,-0.5685294117647058,-0.6899667142177841,-0.2072538860103626,-0.094434186230546,0.5037553438956666,-0.7404690686208253,0
292,292,-0.0597189695550348,-0.18,-0.2778174037089873,-0.2791450777202072,0.009496175151675,-0.0713910488965333,-0.7404690686208253,0
293,293,-0.156518345042935,-0.2604411764705882,0.0446980504041845,-0.1379533678756476,0.0609337905565814,0.1724611690324936,-0.7404690686208253,0
294,294,-0.1561280249804838,0.021985294117647,0.1573941987636711,-0.0612046632124352,-0.0647586388815615,-0.3152432668255603,-0.7404690686208253,0
295,295,0.315768930523029,0.2754411764705882,0.1035425582501189,0.0077720207253886,-0.1949353732524399,0.0727034435160735,-0.7404690686208253,0
296,296,0.5039032006245121,-0.0985294117647058,-0.093319067998098,-0.099740932642487,-0.110261144816671,0.3707450432071065,-0.7404690686208253,0
297,297,0.1229508196721314,-0.1119117647058823,-0.3118164526866382,-0.3264248704663212,-0.1904510683197045,0.1207349409869424,-0.7404690686208253,0
298,298,-0.2068696330991411,-0.2624999999999999,-0.0887422729434141,-0.1638601036269429,0.0461619625428647,0.3769029274982435,-0.7404690686208253,0
299,299,0.1651053864168619,-0.0167647058823528,0.0131954350927246,-0.1593264248704663,-0.0867844895805855,-0.2438118090483706,-0.7404690686208253,0
