,Unnamed: 0,0,1,2,3,4,5,6,mal
0,0,-0.2896174863387976,0.3163235294117647,0.2072039942938659,0.0064766839378238,-0.0517013980480084,0.0640824055084816,-0.7404690686208253,1
1,1,-0.3134270101483214,-0.3594117647058823,-0.1143604374702806,-0.1282383419689119,-0.097599577947771,-0.0208963977092095,-0.7404690686208253,1
2,2,0.457064793130367,0.2361764705882352,-0.3207322872087494,-0.0718911917098445,-0.0547348984436823,0.1773874764654032,-0.7404690686208253,1
3,3,-0.0245901639344259,-0.0574999999999999,-0.2722301474084642,-0.2215025906735751,0.1313637562648378,0.2377347425185463,-0.7404690686208253,1
4,4,0.4082747853239657,-0.1480882352941176,-0.2565382786495483,-0.2292746113989637,0.0559219203376418,0.3744397737817887,-0.7404690686208253,1
5,5,0.0725995316159253,0.0614705882352941,-0.09640989063243,-0.1632124352331606,0.2469005539435506,0.2796083556982782,-0.7404690686208253,1
6,6,-0.1061670569867289,-0.114485294117647,-0.013492629576795,-0.130181347150259,0.179372197309417,0.0727034435160735,-0.7404690686208253,1
7,7,0.1584699453551913,0.0013235294117647,0.0091535901093675,-0.1573834196891191,0.1303086256924294,-0.0430647811573029,-0.7404690686208253,1
8,8,0.1373926619828261,-0.0963235294117647,-0.0427960057061341,-0.1768134715025906,0.1136903191769981,-0.0726226257547607,-0.7404690686208253,1
9,9,-0.0199063231850114,-0.1230882352941176,0.1987042320494532,-0.192681347150259,-0.0195199155895541,-0.2087118685888894,-0.7404690686208253,1
10,10,-0.3220140515222481,0.1120588235294117,0.1475273418925344,-0.1509067357512953,-0.1142178844632023,-0.0923278554863993,-0.7404690686208253,1
11,11,0.0565964090554257,0.0563235294117647,0.0682358535425583,-0.1360103626943005,-0.1896597203903983,0.0936402501059394,-0.7404690686208253,1
12,12,0.4754098360655738,-0.2729411764705882,-0.1595339990489777,-0.2325129533678756,-0.2239514639936692,0.1749243227489484,-0.7404690686208253,1
13,13,0.1245120999219361,-0.0336029411764705,-0.0424988112220637,-0.1674222797927461,-0.1343972566605117,0.0770139625198694,-0.7404690686208253,1
14,14,-0.2205308352849334,-0.183235294117647,0.1747503566333809,-0.1949481865284973,-0.2780269058295964,-0.2475065396230528,-0.7404690686208253,1
15,15,0.3407494145199063,0.1116176470588235,-0.0080836899667141,-0.1327720207253885,-0.2827749934054339,-0.0849383943370348,-0.7404690686208253,1
16,16,0.0370804059328652,-0.075735294117647,0.1457441749881122,-0.2590673575129533,-0.3065154312846214,-0.0196648208509821,-0.7404690686208253,1
17,17,0.1475409836065575,-0.0022058823529411,-0.0415477888730385,-0.1476683937823834,-0.3086256924294381,-0.017817455563641,-0.7404690686208253,1
18,18,0.410616705698673,0.1694117647058823,-0.3275083214455541,-0.1645077720207253,-0.1247691901872856,0.5099132281868037,-0.7404690686208253,1
19,19,-0.1416861826697889,-0.3242647058823529,-0.2782929148834998,-0.3827720207253886,-0.0928514903719335,0.2057137442046336,-0.7404690686208253,1
20,20,0.3704137392661983,-0.0299999999999999,-0.0709700427960057,-0.2525906735751295,-0.1263518860458981,0.1010297112553039,-0.7404690686208253,1
21,21,-0.1532006245120997,-0.2121323529411764,0.1940085592011412,-0.1923575129533678,-0.1589290424690055,-0.2025539842977524,-0.7404690686208253,1
22,22,0.5843091334894615,-0.1667647058823529,0.1355206847360913,-0.2370466321243523,-0.2724874703244526,-0.2536644239141899,-0.7404690686208253,1
23,23,0.085089773614364,0.4622058823529412,-0.1055634807417975,0.0123056994818653,-0.2352941176470588,-0.0221279745674369,-0.7404690686208253,1
24,24,-0.388758782201405,-0.0260294117647058,0.035663338088445,-0.1055699481865284,-0.1746241097335795,0.2217242433615899,-0.7404690686208253,1
25,25,0.0987509758001563,-0.0135294117647058,0.1484783642415597,-0.2512953367875647,-0.3745713532049591,0.048687694780639,-0.7404690686208253,1
26,26,-0.0999219359875095,-0.1880882352941176,-0.073585354255825,-0.1573834196891191,-0.2513848588762859,0.3042398928628264,-0.7404690686208253,1
27,27,0.2759562841530055,-0.4213235294117647,0.081431288635283,-0.1930051813471502,-0.3539963070429965,0.1478296318679454,-0.7404690686208253,1
28,28,-0.1020686963309911,-0.0675735294117646,0.0002971944840703,-0.1609455958549222,-0.3162753890793985,-0.2253381561749595,-0.7404690686208253,1
29,29,0.1557377049180328,0.0625,-0.0008321445553971,-0.0252590673575129,-0.2917436032709047,-0.1329698918079038,-0.7404690686208253,1
30,30,0.1131928181108511,0.1445588235294117,0.0477888730385164,-0.1457253886010362,-0.2680031653917172,0.044377175776843,-0.7404690686208253,1
31,31,0.0167837626854022,-0.3683823529411764,0.0808368996671421,-0.2312176165803108,-0.2867317330519652,0.1071875955464409,-0.7404690686208253,1
32,32,0.2049180327868854,-0.0466176470588235,0.2804327151688064,-0.1314766839378238,-0.5266420469533104,-0.08247524062058,-0.7404690686208253,1
33,33,0.2314597970335676,-0.0894117647058823,0.0223490252020922,-0.0725388601036269,-0.4320759694012134,0.1687664384578114,-0.7404690686208253,1
34,34,0.2630757220921156,-0.0308823529411764,-0.3130052306229197,-0.2221502590673575,-0.5167501978369823,0.0640824055084816,-0.7404690686208253,1
35,35,0.4020296643247463,0.0658823529411764,-0.3391583452211127,-0.1567357512953367,-0.3154840411500923,0.2869978168476427,-0.7404690686208253,1
36,36,0.0608899297423889,-0.099485294117647,-0.3590703756538279,-0.0884067357512953,-0.012793458190451,0.0733192319451872,-0.7404690686208253,1
37,37,0.5925058548009369,0.0476470588235294,-0.212791250594389,-0.2454663212435233,0.2192033764178317,0.2956188548552345,-0.7404690686208253,1
38,38,-0.1330991412958623,-0.2658823529411764,-0.0098668568711363,-0.2512953367875647,0.2466367713004485,0.1071875955464409,-0.7404690686208253,1
39,39,0.0478142076502734,-0.0965441176470588,0.2498216833095577,-0.1058937823834196,0.0639672909522553,-0.1600645826889068,-0.7404690686208253,1
40,40,0.1206088992974241,0.0260294117647058,0.262601046124584,-0.0518134715025906,-0.0105513057240833,-0.1723803512711809,-0.7404690686208253,1
41,41,0.2985948477751757,0.1895588235294117,0.0627674750356633,-0.0420984455958548,-0.0954893168029543,-0.0590752803142592,-0.7404690686208253,1
42,42,0.4113973458235754,0.0386764705882352,-0.173204945316215,0.0136010362694301,-0.0279609601688208,0.2131032053539981,-0.7404690686208253,1
43,43,0.319672131147541,-0.0564705882352941,0.1246433666191155,-0.0974740932642486,-0.1249010815088366,-0.007349052268708,-0.7404690686208253,1
44,44,-0.0753317720530832,0.0839705882352941,0.0298383262006657,-0.0148963730569947,-0.0841466631495647,0.3535029671919227,-0.7404690686208253,1
45,45,-0.1249024199843868,-0.1885294117647059,-0.0464812173086068,-0.0168393782383419,-0.1171194935373252,0.1958611293388144,-0.7404690686208253,1
46,46,-0.0745511319281808,-0.2419117647058823,-0.1104374702805516,0.0531088082901554,-0.0796623582168293,0.1946295524805869,-0.7404690686208253,1
47,47,0.2500000000000001,-0.0135294117647058,-0.1022943414170233,-0.0009715025906735,-0.1223951463993669,-0.1668382554091575,-0.7404690686208253,1
48,48,0.4141295862607339,0.0591176470588235,-0.1660722776985259,0.1787564766839379,0.1128989712476919,0.3350293143185116,-0.7404690686208253,1
49,49,0.2494145199063232,-0.2523529411764705,0.1067522586780789,-0.1146373056994818,-0.0978633605908731,0.1884716681894499,-0.7404690686208253,1
50,50,0.1088992974238878,-0.1811764705882352,0.2048264384213028,-0.1502590673575129,-0.1624901081508836,-0.0972541629193089,-0.7404690686208253,1
51,51,0.1305620608899299,0.1006617647058823,-0.0578340466000951,0.0858160621761658,-0.0061988921128989,0.3116293540121908,-0.7404690686208253,1
52,52,0.5515222482435598,-0.0044117647058822,-0.404184498335711,0.0181347150259067,0.0519651806911105,0.25497681853373,-0.7404690686208253,1
53,53,0.5335675253708041,0.0448529411764705,-0.5233000475511175,-0.0977979274611398,0.3162753890793986,0.3781345043564709,-0.7404690686208253,1
54,54,-0.1334894613583135,-0.7380882352941176,-0.1033048026628626,-0.2648963730569947,0.2265892904246901,-0.1206541232256297,-0.7404690686208253,1
55,55,0.2254098360655739,0.1875,0.192284831193533,0.0595854922279793,0.1882089158533368,-0.1957803115775016,-0.7404690686208253,1
56,56,-0.4285714285714284,-0.1454411764705882,0.2708036138849262,0.0265544041450777,0.1820100237404379,-0.0393700505826207,-0.7404690686208253,1
57,57,-0.035909445745511,-0.0592647058823528,0.1672610556348074,-0.104922279792746,-0.1434977578475336,0.1786190533236306,-0.7404690686208253,1
58,58,0.2189695550351288,-0.0810294117647058,0.0303138373751783,-0.1541450777202072,-0.1535214982854127,0.0259035229034319,-0.7404690686208253,1
59,59,0.244145199063232,0.1573529411764705,-0.2938064669519734,0.0832253886010363,0.0807174887892376,0.5000606133209844,-0.7404690686208253,1
60,60,0.044106167056987,-0.5394117647058824,-0.1620304327151689,-0.4332901554404145,-0.1421788446320231,-0.0504542423066673,-0.7404690686208253,1
61,61,0.4391100702576113,0.1598529411764705,0.159177365668093,-0.0602331606217616,0.0356106568187813,-0.1723803512711809,-0.7404690686208253,1
62,62,0.3317720530835285,-0.05625,-0.2203994293865906,0.0398316062176166,0.0519651806911105,0.0616192517920268,-0.7404690686208253,1
63,63,0.3001561280249806,0.2902941176470587,-0.3325011887779364,-0.0472797927461139,0.0675283566341335,0.25497681853373,-0.7404690686208253,1
64,64,0.4964871194379391,-0.6016176470588234,-0.2203994293865906,-0.4268134715025906,-0.0005275652862041,0.1724611690324936,-0.7404690686208253,1
65,65,-0.6740827478532395,0.1426470588235294,0.173323823109843,-0.0233160621761657,0.1500923239250857,-0.4260851840660271,-0.7404690686208253,1
66,66,0.0907494145199064,-0.0170588235294117,0.2177246790299571,0.0362694300518134,-0.0063307834344499,0.1336664979983302,-0.7404690686208253,1
67,67,-0.9800936768149882,-0.2270588235294117,0.2799572039942939,-0.2882124352331606,-0.2221049854919546,-0.4581061823799398,-0.7404690686208253,1
68,68,0.4074941451990633,0.018235294117647,0.2725867807893485,-0.1230569948186528,-0.2627275125296755,-0.245043385906598,-0.7171728360963054,1
69,69,0.3005464480874318,0.4717647058823529,-0.1655967665240134,0.0932642487046632,-0.1337378000527565,0.1416717475768084,-0.7171728360963054,1
70,70,0.2554644808743171,-0.229485294117647,-0.1405729909652877,-0.2700777202072538,-0.157346346610393,0.0462245410641842,-0.7171728360963054,1
71,71,0.1198282591725217,-0.7435294117647058,0.2190917736566809,-0.4773316062176166,-0.3716697441308361,-0.5049061029925813,-0.7171728360963054,1
72,72,0.4582357533177206,0.4322058823529411,0.0293628150261531,-0.044041450777202,-0.3102083882880506,-0.4556430286634849,-0.7171728360963054,1
73,73,-0.1174863387978139,0.355,-0.0091535901093675,-0.0019430051813471,-0.2466367713004484,0.2131032053539981,-0.7171728360963054,1
74,74,0.5099531615925059,-0.0746323529411764,-0.3429624346172136,-0.2396373056994818,-0.2273806383539963,0.1034928649717587,-0.7171728360963054,1
75,75,-0.1412958626073377,-0.2167647058823529,-0.1560865430337614,-0.3762953367875647,-0.1677657610129253,-0.0578437034560318,-0.7171728360963054,1
76,76,-0.1635441061670566,-0.0288235294117646,0.2219448407037565,-0.224740932642487,-0.1899235030335003,-0.1920855810028194,-0.7171728360963054,1
77,77,0.2195550351288058,0.0786764705882352,-0.0022586780789348,-0.136981865284974,-0.1084146663149564,-0.0412174158699618,-0.7171728360963054,1
78,78,-0.3333333333333332,-0.2273529411764705,-0.002496433666191,-0.1826424870466321,-0.1545766288578211,-0.1736119281294083,-0.7171728360963054,1
79,79,0.1053864168618269,0.1410294117647058,-0.021279125059439,-0.194300518134715,-0.2577156423107359,-0.1711487744129534,-0.7171728360963054,1
80,80,0.4718969555035128,0.2136764705882353,-0.2543984783642417,-0.0764248704663212,-0.0102875230809812,0.1047244418299861,-0.7171728360963054,1
81,81,0.1947697111631539,-0.1170588235294117,-0.2602829291488351,-0.2950129533678756,-0.0051437615404906,0.1989400714843829,-0.7171728360963054,1
82,82,-0.2158469945355188,-0.5733823529411765,0.327508321445554,-0.3432642487046632,-0.1485096280664732,-0.6108217128001385,-0.7171728360963054,1
83,83,0.3942232630757222,0.3805882352941176,0.3763670946267238,0.0336787564766839,-0.1456080189923503,-0.3250958816913796,-0.7171728360963054,1
84,84,-0.2166276346604213,0.0774999999999999,0.1402757964812172,-0.1645077720207253,-0.2664204695331047,-0.08247524062058,-0.7171728360963054,1
85,85,-0.0507416081186571,-0.101985294117647,0.0390513552068474,-0.2308937823834196,-0.3877604853600633,-0.09910152820665,-0.7171728360963054,1
86,86,0.1116315378610463,0.0555882352941176,-0.2066096053257252,-0.1224093264248704,-0.3183856502242152,0.065313982366709,-0.7171728360963054,1
87,87,0.5640124902419985,0.0058823529411765,-0.2766286257727057,-0.1768134715025906,-0.1366394091268794,0.2562083953919574,-0.7171728360963054,1
88,88,0.1955503512880562,-0.0399999999999999,-0.1324298621017595,-0.3205958549222797,-0.0772883144289105,0.1564506698755373,-0.7171728360963054,1
89,89,0.209016393442623,-0.1489705882352941,-0.0254398478364242,-0.2211787564766839,-0.0888947507254022,-0.1963961000066154,-0.7171728360963054,1
90,90,0.1061670569867293,0.2191176470588235,-0.0488587731811697,-0.0556994818652849,-0.1005011870218939,0.044377175776843,-0.7171728360963054,1
91,91,0.2829820452771273,-0.363235294117647,-0.3256062767475037,-0.2448186528497409,-0.091532577156423,0.0160509080376126,-0.7171728360963054,1
92,92,0.1442232630757222,0.0308088235294117,0.0955183071802187,-0.2859455958549222,-0.173041413874967,-0.1668382554091576,-0.7171728360963054,1
93,93,-0.3809523809523808,-0.0961764705882352,0.31490727532097,-0.1703367875647668,-0.2635188604589817,-0.2943064602356944,-0.7171728360963054,1
94,94,0.957455113192818,0.3323529411764706,0.0055872563005231,-0.0563471502590673,-0.2714323397520443,0.1047244418299861,-0.7171728360963054,1
95,95,0.3454332552693209,0.135735294117647,-0.2599857346647647,-0.1658031088082901,-0.1034027960960168,0.3239451225944649,-0.7171728360963054,1
96,96,0.1116315378610461,-0.2911029411764706,-0.1115073704232049,-0.2182642487046632,-0.2582432075969401,-0.1274277959458805,-0.7171728360963054,1
97,97,0.5163934426229508,0.2108823529411764,-0.1018782691393248,-0.1204663212435232,0.0857293590081773,-0.1046436240686733,-0.7171728360963054,1
98,98,-0.0761124121779857,-0.0273529411764705,-0.3214455539705184,-0.2435233160621761,-0.0113426536533895,-0.0455279348737577,-0.7171728360963054,1
99,99,0.1963309914129587,-0.0313235294117646,0.1904422253922967,-0.1023316062176165,-0.0699024004220522,-0.0332121662914836,-0.7171728360963054,1
100,100,0.10480093676815,-0.0521323529411764,0.1202448882548741,-0.1334196891191709,-0.1362437351622263,-0.1477488141066327,-0.7171728360963054,1
101,101,-0.04527712724434,0.005,-0.1357584403233476,-0.2286269430051813,-0.0453706146135584,0.25497681853373,-0.7171728360963054,1
102,102,0.5074160811865731,-0.1654411764705882,-0.0671659533999049,-0.074481865284974,-0.0928514903719335,0.1823137838983128,-0.7171728360963054,1
103,103,-0.0456674473067913,-0.26,-0.0337612933903947,-0.13860103626943,-0.1616987602215774,-0.1378961992408134,-0.7171728360963054,1
104,104,0.4164715066354412,0.0683088235294117,0.0029719448407037,-0.1593264248704662,-0.2284357689264046,-0.1335856802370175,-0.7171728360963054,1
105,105,0.1299765807962531,-0.0705882352941176,-0.1760580123632906,-0.2215025906735751,-0.0068583487206541,-0.1108015083598104,-0.7171728360963054,1
106,106,0.0120999219359877,-0.0975,0.1044935805991441,-0.1016839378238341,-0.0622527037720917,0.0554613675008897,-0.7171728360963054,1
107,107,0.3050351288056208,-0.1211029411764705,0.3478958630527816,-0.2098445595854922,-0.3425217620680559,-0.1034120472104459,-0.7171728360963054,1
108,108,0.0960187353629979,0.0370588235294117,0.1395625297194483,-0.0803108808290155,-0.2057504616196254,0.1946295524805869,-0.7171728360963054,1
109,109,0.2103825136612022,-0.0852941176470588,0.1967427484545887,-0.1664507772020725,-0.4178317066737008,-0.0406016274408481,-0.7171728360963054,1
110,110,0.4976580796252928,-0.1575,0.1078221588207323,-0.0395077720207253,-0.2927987338433131,-0.0504542423066673,-0.7171728360963054,1
111,111,0.4301327088212336,0.0616911764705882,-0.08707798383262,-0.0777202072538859,-0.3025586916380902,-0.1606803711180205,-0.7171728360963054,1
112,112,0.0749414519906325,-0.0826470588235294,-0.310865430337613,-0.049222797927461,-0.0659456607755209,0.4360186166931591,-0.7171728360963054,1
113,113,-0.0347384855581574,-0.6007352941176469,-0.0595577746077032,-0.3018134715025906,-0.3120548667897652,-0.1034120472104459,-0.7171728360963054,1
114,114,0.533177205308353,-0.0714705882352941,0.0794103661436044,-0.0615284974093263,-0.1345291479820627,-0.1280435843749941,-0.7171728360963054,1
115,115,-0.1590554254488679,-0.0310294117647058,0.0851759391345696,-0.1240284974093264,-0.1805592192033764,-0.0165858787054136,-0.7171728360963054,1
116,116,0.2868852459016394,0.0001470588235294,0.0753685211602471,0.0142487046632124,-0.1245054075441835,-0.1711487744129534,-0.7171728360963054,1
117,117,0.3965651834504294,-0.0019117647058822,0.0204469805040418,-0.0971502590673574,-0.1849116328145608,-0.1674540438382712,-0.7171728360963054,1
118,118,0.1373926619828261,0.0213235294117647,-0.1275558725630053,-0.0077720207253885,-0.1110524927459772,-0.1403593529572682,-0.7171728360963054,1
119,119,0.3163544106167058,0.0115441176470588,-0.1241084165477889,-0.1379533678756476,-0.0974676866262199,0.1582980351628784,-0.7171728360963054,1
120,120,0.3013270882123342,-0.2676470588235294,-0.0002377555872563,-0.0712435233160621,0.0065945660775521,0.0086614468882482,-0.7171728360963054,1
121,121,0.1217798594847777,0.0376470588235294,-0.055397051830718,0.0265544041450777,-0.0102875230809812,0.0074298700300208,-0.7171728360963054,1
122,122,0.0148321623731462,-0.1490441176470587,0.0062410841654779,-0.104922279792746,0.053679767871274,-0.055380549739577,-0.7171728360963054,1
123,123,0.3594847775175644,-0.4910294117647059,0.1370660960532573,-0.1884715025906735,-0.1376945396992877,-0.2893801528027848,-0.7171728360963054,1
124,124,0.0437158469945357,0.2798529411764706,0.2684260580123633,0.1185233160621762,-0.0823001846478501,-0.4482535675141205,-0.7171728360963054,1
125,125,0.3992974238875879,0.1694117647058823,0.12660485021398,0.1386010362694301,-0.0234766552360854,-0.0393700505826207,-0.7171728360963054,1
126,126,0.2269711163153787,-0.0328676470588234,-0.0167617689015692,-0.0867875647668393,-0.1320232128725929,0.1829295723274265,-0.7171728360963054,1
127,127,0.0039032006245123,-0.4516176470588235,-0.0808368996671422,-0.1249999999999999,-0.1324188868372461,-0.1711487744129534,-0.7171728360963054,1
128,128,0.3852459016393443,0.6285294117647059,-0.2224203518782692,0.2202072538860103,-0.0213663940912687,0.1638401310249017,-0.7171728360963054,1
129,129,0.3996877439500391,-0.0689705882352941,-0.4428197812648598,-0.1094559585492227,0.1126351886045898,0.4446396547007509,-0.7171728360963054,1
130,130,0.370608899297424,-0.2555882352941176,-0.2134450784593439,-0.2004533678756476,0.2403059878659985,0.1207349409869424,-0.7171728360963054,1
131,131,0.2498048399687744,-0.0536764705882352,-0.0955777460770328,0.0187823834196891,0.3727248747032446,-0.0701594720383058,-0.7171728360963054,1
132,132,0.2263856362217018,-0.0229411764705881,-0.0534950071326676,-0.0090673575129533,0.3795832234238988,0.0751665972325283,-0.7171728360963054,1
133,133,-0.2135050741608116,0.0291176470588235,0.0778649548264384,-0.0427461139896372,0.2534951200211027,-0.0923278554863993,-0.7171728360963054,1
134,134,-0.1645199063231848,-0.0908823529411764,0.3701260104612458,-0.0346502590673574,0.0875758375098918,-0.3060064403888548,-0.7171728360963054,1
135,135,0.252537080405933,0.3205882352941176,0.0466000951022349,0.2357512953367875,-0.412028488525455,0.0357561377692512,-0.7171728360963054,1
136,136,0.1580796252927401,0.0677941176470588,-0.162149310508797,-0.2273316062176165,0.235821682933263,0.2081768979210884,-0.7171728360963054,1
137,137,0.3065964090554255,0.010735294117647,-0.3624583927722302,-0.0165155440414507,0.0344236349248219,0.248818934242593,-0.7171728360963054,1
138,138,0.2872755659640906,-0.0305882352941175,-0.5993818354731336,0.116580310880829,0.0941704035874439,0.3608924283412872,-0.7171728360963054,1
139,139,0.5230288836846215,-0.2392647058823529,-0.3235853542558251,-0.3834196891191709,0.4711158005803219,0.1909348219059047,-0.7171728360963054,1
140,140,-0.5663544106167056,-0.3177941176470588,0.2225392296718974,-0.3180051813471502,0.2745977314692694,-0.0652331646053963,-0.7171728360963054,1
141,141,0.1393442622950821,-0.1088970588235294,0.5459462672372806,0.1321243523316062,-0.0878396201529939,-0.5677165227621792,-0.7171728360963054,1
142,142,-0.5546448087431692,0.1192647058823529,0.0259153590109367,-0.0958549222797927,-0.0709575309944605,-0.3238643048331522,-0.7171728360963054,1
143,143,0.4754098360655738,0.1480882352941176,-0.0731098430813125,-0.1593264248704663,-0.2938538644157214,-0.0430647811573029,-0.7171728360963054,1
144,144,0.529664324746292,-0.0563235294117646,-0.2727056585829768,-0.0531088082901554,-0.2123450276971775,0.0800929046654379,-0.7171728360963054,1
145,145,0.3450429352068697,0.0331617647058823,-0.2787089871611983,-0.010362694300518,-0.1565549986810867,0.2623662796830944,-0.7171728360963054,1
146,146,-0.158469945355191,-0.1436764705882353,-0.4359248692344271,-0.7208549222797928,0.4608282774993405,0.4347870398349317,-0.7171728360963054,1
147,147,-0.4094457455113192,-1.0,0.0908226343319068,-0.2901554404145077,-0.0659456607755209,-0.1268120075167667,-0.7171728360963054,1
148,148,-0.4332552693208429,0.2320588235294118,0.2900618164526866,0.0136010362694301,-0.2097072012661566,-0.6785584400026462,-0.7171728360963054,1
149,149,0.3304059328649494,-0.1223529411764705,-0.3818354731336187,-0.199481865284974,0.0514376154049064,-0.0584594918851455,-0.7171728360963054,1
150,150,0.070257611241218,0.2166176470588235,-0.2762719923918213,-0.4086787564766839,-0.1308361909786335,-0.3669694948711115,-0.7171728360963054,1
151,151,0.7298985167837628,-0.4602941176470588,0.0249643366619115,-0.3180051813471502,0.0369295700342917,-0.0972541629193089,-0.7171728360963054,1
152,152,-0.0398126463700231,0.1913235294117647,0.1230385164051355,-0.0589378238341968,-0.1065681878132418,-0.1896224272863646,-0.7171728360963054,1
153,153,0.2943013270882124,-0.2289705882352941,0.1716595339990489,-0.3976683937823834,-0.2804009496175151,0.1576822467337646,-0.7171728360963054,1
154,154,-0.4172521467603434,-0.2076470588235294,0.1667855444602947,-0.2137305699481865,-0.3695594829860195,-0.1329698918079038,-0.7171728360963054,1
155,155,0.1448087431693989,-0.1201470588235294,-0.0128388017118402,5.551115123125783e-17,-0.4843049327354259,-0.1859276967116823,-0.7171728360963054,1
156,156,0.3938329430132709,0.0811764705882353,-0.3323823109843082,-0.2470854922279792,-0.2197309417040358,0.2494347226717067,-0.7171728360963054,1
157,157,0.3356752537080407,-0.163235294117647,-0.365430337612934,-0.2733160621761658,-0.1717225006594566,0.059156098075572,-0.7171728360963054,1
158,158,-0.2322404371584696,0.1195588235294117,0.1179267712791251,0.0129533678756477,-0.0472170931152729,-0.0295174357168014,-0.7171728360963054,1
159,159,-0.3091334894613581,-0.2345588235294117,-0.024488825487399,-0.4345854922279792,0.0559219203376418,-0.169917197554726,-0.7171728360963054,1
160,160,0.1582747853239658,-0.0206617647058823,0.3127674750356634,-0.2104922279792745,-0.3046689527829068,-0.2986169792394903,-0.7171728360963054,1
161,161,-0.2146760343481651,-0.765441176470588,0.682239657631954,-0.3270725388601035,-0.7193352677393827,-0.9187159273569908,-0.7171728360963054,1
162,162,0.0523028883684623,0.9326470588235296,0.1534712315739419,0.1612694300518135,-0.5747823793194408,-0.3300221891242892,-0.7171728360963054,1
163,163,0.4914129586260734,0.1505882352941176,-0.0523062291963861,-0.3827720207253886,-0.5605381165919282,0.2845346631311878,-0.7171728360963054,1
164,164,0.3743169398907104,-0.0026470588235294,-0.3380884450784594,-0.2260362694300517,-0.4837773674492218,0.2876136052767564,-0.7171728360963054,1
165,165,0.5983606557377049,0.038235294117647,-0.6503804089396101,-0.0725388601036269,-0.330255869163809,0.5579447256576726,-0.7171728360963054,1
166,166,-0.1124121779859482,-0.3127941176470588,-0.5115311459819306,-0.4326424870466321,0.4726984964389343,0.3301030068856019,-0.7171728360963054,1
167,167,0.2041373926619829,-0.2197058823529411,-0.1981098430813124,-0.1088082901554403,0.1974413083619098,-0.0954067976319678,-0.7171728360963054,1
168,168,-1.0,-0.2254411764705882,0.2263433190679982,-0.216321243523316,-0.0722764442099709,-0.8275792398481626,-0.8217625185846844,1
169,169,0.4309133489461359,0.2541176470588235,0.2086305278174037,0.0621761658031088,-0.0611975731996834,-0.488895603835625,-0.8217625185846844,1
170,170,0.2533177205308354,0.0626470588235294,0.2219448407037565,-0.1457253886010362,-0.1194935373252439,-0.1452856603901778,-0.8217625185846844,1
171,171,0.2406323185011711,0.1808088235294117,0.0903471231573941,0.1389248704663212,-0.4179635979952519,0.1318191327109891,-0.8217625185846844,1
172,172,0.202576112412178,-0.2077941176470588,-0.0687113647170709,-0.1638601036269429,0.0456343972566605,0.336260891176739,-0.8217625185846844,1
173,173,-0.402029664324746,-0.3689705882352941,0.230266286257727,-0.3562176165803108,-0.1656554998681086,-0.1551382752559971,-0.8217625185846844,1
174,174,0.5308352849336456,-0.0073529411764705,0.2195672848311934,-0.2623056994818653,-0.4297019256132946,-0.0085806291269354,-0.8217625185846844,1
175,175,0.0158079625292741,0.0047058823529411,0.0959343794579171,0.0398316062176166,-0.3321023476655236,-0.2314960404660965,-0.8217625185846844,1
176,176,0.8356752537080406,0.3789705882352941,-0.2565382786495483,0.0401554404145078,-0.2806647322606172,0.3732081969235613,-0.8217625185846844,1
177,177,0.1498829039812647,-0.0917647058823529,-0.1747503566333809,-0.2344559585492228,-0.1332102347665523,0.2635978565413219,-0.8217625185846844,1
178,178,0.2849336455893834,-0.6402941176470588,-0.109961959106039,-0.3711139896373057,-0.3154840411500923,-0.0984857397775363,-0.8217625185846844,1
179,179,-0.0919203747072597,-0.0052941176470588,0.1353423680456492,-0.0194300518134714,-0.125824320759694,-0.0473753001610988,-0.8217625185846844,1
180,180,-0.2954722872755657,-0.1163235294117647,-0.0840466000951023,-0.1806994818652849,-0.2326562912160379,-0.1502119678230875,-0.8217625185846844,1
181,181,0.0679156908665108,0.2110294117647058,0.0437470280551594,-0.0168393782383419,-0.2289633342126087,-0.1329698918079038,-0.8217625185846844,1
182,182,0.4691647150663545,-0.1480882352941176,-0.0961721350451736,0.0136010362694301,-0.320759694012134,0.0542297906426623,-0.8217625185846844,1
183,183,-0.0497658079625291,0.0866911764705882,0.0540893961008084,-0.1522020725388601,-0.0507781587971511,0.1059560186882135,-0.8217625185846844,1
184,184,0.0394223263075724,-0.5854411764705882,0.1363528292914884,-0.2823834196891192,-0.1967818517541545,-0.0245911282838918,-0.8217625185846844,1
185,185,-0.4738485558157687,-0.410735294117647,0.424037089871612,-0.1010362694300517,-0.3943550514376154,-0.7733898580861567,-0.8217625185846844,1
186,186,0.6311475409836065,0.2115441176470589,0.1398002853067047,0.1658031088082902,-0.1967818517541545,0.0302140419072278,-0.8217625185846844,1
187,187,0.2045277127244341,-0.873235294117647,-0.0744174988112221,-0.3730569948186528,-0.6035346874175679,-0.5406218318811762,-0.8217625185846844,1
188,188,0.6221701795472288,1.0,0.2230147408464099,0.2979274611398964,-0.3099446056449485,-0.3546537262888374,-0.8217625185846844,1
189,189,0.6971116315378612,0.3276470588235294,-0.3355920114122682,0.1217616580310881,-0.3948826167238195,0.7303654858095099,-0.8217625185846844,1
190,190,0.2357533177205309,-0.2229411764705881,-0.300641940085592,-0.1978626943005181,-0.1028752308098126,0.1102665376920094,-0.8217625185846844,1
191,191,0.3348946135831382,-0.2832352941176471,-0.1524013314312887,-0.2156735751295336,-0.04431548404115,0.303008316004599,-0.8217625185846844,1
192,192,-0.2716627634660419,-0.5495588235294118,0.0306704707560627,-0.0731865284974093,0.0751780532840939,-0.2462749627648254,-0.8217625185846844,1
193,193,-0.0491803278688521,0.1794117647058823,0.3404660009510223,0.064119170984456,0.0232128725929834,-0.3016959213850588,-0.8217625185846844,1
194,194,-0.1774004683840746,-0.2613235294117647,0.456550166428911,-0.045660621761658,-0.1953310472170931,-0.3891378783192049,-0.8217625185846844,1
195,195,0.3243559718969556,0.5577941176470588,0.2845934379457917,0.1243523316062176,-0.5431284621471907,-0.2228750024585046,-0.8217625185846844,1
196,196,0.1643247462919594,0.1372058823529411,5.551115123125783e-17,-0.0861398963730569,-0.0823001846478501,0.3559661209083776,-0.8217625185846844,1
197,197,0.3192818110850899,-0.2408823529411764,-0.2590941512125536,-0.2438471502590673,-0.3889475072540226,0.125661248419852,-0.8217625185846844,1
198,198,0.5644028103044498,0.2291176470588235,-0.47301474084641,0.2325129533678756,0.0498549195462938,0.5333131884931244,-0.8217625185846844,1
199,199,0.3153786104605777,-0.460735294117647,-0.6603661436043747,-0.1230569948186528,0.1453442363492482,0.3978397340881094,-0.8217625185846844,1
200,200,0.540593286494926,-0.3111764705882353,-0.3309557774607704,-0.2908031088082901,0.264046425745186,-0.0307490125750288,-0.8217625185846844,1
201,201,-0.2837626854020295,-0.3703676470588235,0.2061340941512125,-0.128562176165803,0.1801635452387233,-0.5868059640647042,-0.8217625185846844,1
202,202,0.2595628415300547,0.2248529411764706,0.4887066096053257,0.2312176165803109,0.1880770245317858,-0.5751059839115437,-0.8217625185846844,1
203,203,-0.1795472287275563,0.2123529411764705,0.2836424155967665,-0.0071243523316061,0.0253231337378,-0.190854004144592,-0.8217625185846844,1
204,204,0.1729117876658861,0.0117647058823529,0.0082025677603423,0.0537564766839378,-0.1223951463993669,-0.109569931501583,-0.8217625185846844,1
205,205,0.8013270882123341,0.3403676470588235,-0.3811816452686639,0.248380829015544,-0.1837246109206013,0.7543812345449443,-0.8217625185846844,1
206,206,0.4722872755659641,-0.7616176470588235,-0.8846885401806943,-0.8309585492227979,1.0,0.4076923489539287,-0.8217625185846844,1
207,207,0.3790007806401249,-0.2136764705882352,-0.2718735140275797,-0.2914507772020725,0.2964916908467424,0.2377347425185463,-0.8217625185846844,1
208,208,-0.0975800156128022,-0.5869117647058824,0.1474084640989064,-0.0045336787564766,0.3587443946188342,-0.2770643842205106,-0.8217625185846844,1
209,209,0.0312256049960969,-0.1283823529411764,0.3534831193533048,0.0239637305699482,0.2054866789765234,-0.576337560769771,-0.8217625185846844,1
210,210,0.1627634660421546,0.0801470588235294,0.1046124583927722,0.1068652849740933,0.0113426536533896,-0.2462749627648254,-0.8217625185846844,1
211,211,-0.1307572209211551,0.2845588235294117,0.1872325249643366,0.2493523316062176,-0.091532577156423,-0.2561275776306447,-0.8217625185846844,1
212,212,0.6053864168618269,0.395735294117647,-0.3105087969567286,0.241580310880829,-0.166974413083619,0.4286291555437946,-0.8217625185846844,1
213,213,-0.0895784543325524,-0.1079411764705882,-0.368640038040894,-0.342940414507772,0.2095753099446056,0.6213709338563842,-0.8217625185846844,1
214,214,0.0370804059328652,-0.5983823529411764,0.0368521160247266,-0.155440414507772,0.0129253495120021,0.1958611293388144,-0.8217625185846844,1
215,215,-0.6049960967993755,0.0330882352941176,0.0720399429386591,0.0770725388601036,0.0677921392772355,-0.0689278951800784,-0.8217625185846844,1
216,216,-0.1401249024199841,-0.2824264705882353,0.1185211602472658,-0.1253238341968911,-0.1429701925613294,-0.2709064999293736,-0.8217625185846844,1
217,217,0.6022638563622171,-0.205735294117647,0.1356395625297194,0.0485751295336788,-0.2941176470588235,-0.4273167609242545,-0.8217625185846844,1
218,218,0.0800156128024983,0.4758823529411765,0.0368521160247266,0.3115284974093264,-0.4903719335267739,-0.1354330455243586,-0.8217625185846844,1
219,219,0.6100702576112413,0.0961764705882353,-0.1088920589633857,-0.2370466321243523,-0.1213400158269585,0.4150818101032931,-0.8217625185846844,1
220,220,0.3727556596409056,-0.2303676470588235,-0.2375178316690442,-0.2642487046632124,-0.3276180427327881,0.3608924283412871,-0.8217625185846844,1
221,221,0.613192818110851,0.1789705882352941,-0.4721825962910129,0.3581606217616581,-0.2439989448694275,0.5554815719412178,-0.8217625185846844,1
222,222,-0.2767369242779077,-0.1773529411764706,-0.4613647170708512,-0.2817357512953368,0.2123450276971776,0.4520291158501154,-0.8217625185846844,1
223,223,-0.3756830601092895,-0.161985294117647,0.0663338088445079,-0.0191062176165802,0.0820364020047481,-0.5443165624558585,-0.8217625185846844,1
224,224,0.6935987509758003,-0.0248529411764705,0.1014027579648121,0.0233160621761658,-0.0466895278290688,-0.1736119281294083,-0.8217625185846844,1
225,225,-0.35167837626854,0.2042647058823529,0.1022349025202092,-0.2707253886010362,-0.0638353996307042,-0.0110437828433903,-0.8217625185846844,1
226,226,0.0234192037470728,-0.5208823529411765,0.2687826913932477,-0.2189119170984455,-0.2756528620416776,-0.1120330852180378,-0.8217625185846844,1
227,227,0.1005074160811867,0.2018382352941176,0.266583452211127,-0.0087435233160621,-0.4500131891321551,0.1238138831325109,-0.8217625185846844,1
228,228,0.5644028103044498,-0.6949999999999998,-0.157394198763671,-0.4365284974093264,-0.4486942759166447,0.3485766597590131,-0.8217625185846844,1
229,229,0.5140515222482436,0.0433823529411764,-0.2234902520209226,-0.1800518134715025,-0.5236085465576366,0.0727034435160735,-0.8217625185846844,1
230,230,0.4067135050741609,0.001985294117647,-0.7448288159771754,-0.0686528497409326,-0.1506198892112898,0.1342822864274439,-0.8217625185846844,1
231,231,0.8372365339578456,0.0127941176470588,-1.0,-0.4630829015544041,0.5098918491163281,0.261134702824867,-0.8217625185846844,1
232,232,-0.0003903200624509,-0.4285294117647058,-0.4876367094626724,-0.4313471502590673,0.5850699024004221,0.0887139426730298,-0.8217625185846844,1
233,233,-0.676814988290398,-0.3779411764705882,0.1097242035187827,-0.302461139896373,0.5320495911369032,-0.3768221097369308,-0.8217625185846844,1
234,234,-0.4030054644808741,-0.1175,0.5905254398478361,-0.2768782383419689,0.3061197573199684,-0.4174641460584353,-0.8217625185846844,1
235,235,-0.1260733801717405,0.118235294117647,1.0,-0.2474093264248704,-0.3086256924294381,-0.3891378783192049,-0.8217625185846844,1
236,236,-0.30327868852459,-0.1374999999999999,0.617926771279125,-0.1547927461139896,-0.5539435505143762,-0.4470219906558931,-0.8217625185846844,1
237,237,-0.3095238095238094,0.2391176470588235,0.4218972895863053,0.0045336787564767,-0.8198364547612766,-0.2475065396230528,-0.8217625185846844,1
238,238,0.5823575331772054,0.1297794117647058,-0.5164051355206848,-0.2979274611398963,-0.5112107623318385,0.5345447653513518,-0.8217625185846844,1
239,239,0.0620608899297426,-0.2211764705882353,-0.8878982406086544,0.0440414507772021,-0.2463729886573463,0.5148395356197133,-0.8217625185846844,1
240,240,0.3989071038251366,-0.158235294117647,-0.5394674274845459,0.0576424870466321,-0.2651015563175942,0.2722188945489138,-0.8217625185846844,1
241,241,0.2462919594067136,-0.4255882352941176,-0.4671897289586306,-0.6716321243523317,0.4302294908994989,-0.1046436240686733,-0.8217625185846844,1
242,242,0.1030444964871196,-0.3933088235294117,0.3286376604850214,-0.280440414507772,-0.0865207069374834,-0.5720270417659753,-0.8217625185846844,1
243,243,-0.3122560499609678,-0.3011764705882353,0.7446504992867333,-0.0343264248704662,-0.493801107887101,-1.0,-0.8217625185846844,1
244,244,-0.0558157689305227,0.9980882352941176,0.1834284355682357,0.0595854922279793,-0.4605644948562384,0.0086614468882482,-0.8217625185846844,1
245,245,0.4590163934426229,0.1530882352941176,-0.0370898716119829,-0.3626943005181346,-0.5178053284093906,0.5973551851209496,-0.8217625185846844,1
246,246,-0.0534738485558156,-0.3136764705882351,-0.31009272467903,-0.3082901554404145,-0.4964389343181218,0.5376237074969203,-0.8217625185846844,1
247,247,0.0632318501170962,0.3244117647058823,-0.2470280551592963,-0.0220207253886009,-0.1603798470060669,0.1416717475768084,-0.8217625185846844,1
248,248,0.1971116315378611,-0.5244117647058824,-0.1266048502139801,-0.3011658031088082,-0.0089686098654708,0.0357561377692512,-0.8217625185846844,1
249,249,-0.1272443403590942,-0.4122058823529412,0.2304446029481693,-0.1101036269430051,-0.283170667370087,-0.4550272402343712,-0.8217625185846844,1
250,250,-0.0156128024980481,-0.2110294117647058,0.6306466951973371,-0.1677461139896373,-0.4642574518596676,-0.7992529721089322,-0.8217625185846844,1
251,251,-0.2474629195940668,0.6380882352941177,0.5908226343319065,0.0187823834196891,-0.5718807702453179,-0.0270542820003466,-0.8217625185846844,1
252,252,0.2818110850897737,-0.1225,0.1449120304327151,-0.1534974093264248,-0.6921656554998681,0.3313345837438294,-0.8217625185846844,1
253,253,0.1085089773614365,0.0186029411764705,-0.2252139800285307,-0.0420984455958548,-0.6988921128989712,0.5616394562323548,-0.8217625185846844,1
254,254,0.60967993754879,-0.1020588235294117,-0.5625297194484071,-0.2687823834196891,0.1429701925613294,0.4495659621336606,-0.8217625185846844,1
255,255,-0.1596409055425446,-0.4801470588235293,-0.3333333333333334,-0.3380829015544041,-0.0303350039567396,0.0936402501059394,-0.8217625185846844,1
256,256,0.2115534738485558,-0.388235294117647,0.1135282929148835,-0.1198186528497409,-0.0775520970720126,-0.4384009526483012,-0.8217625185846844,1
257,257,-0.0234192037470723,0.0388235294117647,0.3578221588207323,0.0440414507772021,-0.0973357953046689,-0.3755905328787034,-0.8217625185846844,1
258,258,0.5257611241217799,0.1629411764705882,0.1873514027579647,0.0148963730569948,-0.1593247164336586,0.1231980947033972,-0.8217625185846844,1
259,259,-0.0206869633099138,-0.0617647058823528,0.1286257727056585,-0.1450777202072538,-0.3241888683724611,0.4163133869615206,-0.8217625185846844,1
260,260,0.3928571428571429,-0.0849999999999999,-0.1566809320019021,0.1214378238341969,-0.2020575046161962,0.2518978763881615,-0.8217625185846844,1
261,261,-0.0050741608118654,-0.3189705882352941,0.4322396576319544,-0.169041450777202,0.0609337905565814,0.2057137442046336,-0.8217625185846844,1
262,262,0.08704137392662,-0.8310294117647058,0.0131954350927246,-0.2389896373056994,-0.1171194935373252,-0.3842115708862952,-0.8217625185846844,1
263,263,0.2915690866510539,0.3747058823529411,0.3522349025202091,0.2551813471502591,-0.157478237931944,-0.5283060632989021,-0.8217625185846844,1
264,264,0.1432474629195941,0.4445588235294117,0.2126723728007608,0.4345854922279792,-0.1622263255077815,0.3276398531691471,-0.8217625185846844,1
265,265,0.2263856362217018,-0.0183088235294117,-0.3068235853542559,-0.108160621761658,0.2033764178317066,0.429860732402022,-0.8217625185846844,1
266,266,-0.2252146760343479,-0.6411764705882353,-0.1458630527817404,-0.1735751295336787,0.1551041941440253,0.303008316004599,-0.8217625185846844,1
267,267,-0.2435597189695549,-0.2527941176470588,0.0391107941036614,-0.0259067357512952,0.0788710102875231,-0.2832222685116477,-1.0,1
268,268,0.2808352849336457,-0.0772058823529412,0.027757964812173,0.0867875647668394,0.3674492218412029,-0.0713910488965333,-1.0,1
269,269,0.2185792349726776,-0.0272058823529411,0.1493105087969567,0.1321243523316062,0.0142442627275125,-0.1748435049876356,-1.0,1
270,270,0.2521467603434817,0.4566176470588234,0.0544460294816928,0.8918393782383421,-0.3758902664204695,0.4729659224399813,-1.0,1
271,271,0.4949258391881344,-0.2111764705882352,-0.4908464098906325,0.0395077720207254,0.5349512002110262,0.6096709537032238,-1.0,1
272,272,0.0538641686182672,-0.3727205882352941,-0.0155729909652875,-0.1593264248704663,0.389738855183329,0.2482031458134792,-1.0,1
273,273,-0.4301327088212333,-0.674705882352941,0.299809795530195,0.0595854922279793,0.20126615668689,-0.4938219112685347,-1.0,1
274,274,0.4395003903200625,0.573970588235294,0.1362339514978602,0.5680051813471504,0.1421788446320232,-0.0258227051421192,-1.0,1
275,275,0.0833333333333335,-0.2111029411764705,-0.1480622919638612,-0.2519430051813471,0.3797151147454498,0.2087926863502021,-1.0,1
276,276,0.2283372365339579,0.3008823529411765,-0.2824536376604851,0.4002590673575129,0.2345027697177526,0.4766606530146636,-1.0,1
277,277,-0.0733801717408272,-0.3286764705882353,-0.4630290061816453,0.1379533678756477,0.2279082036402005,0.5727236479564015,-1.0,1
278,278,-0.245901639344262,-0.8405882352941175,0.2395387541607229,-0.9468911917098444,0.6961223951463994,-0.1046436240686733,-1.0,1
279,279,-0.0846994535519124,-0.4055882352941176,0.5923680456490727,-0.1107512953367875,-0.283038776048536,-0.4033010121888201,-1.0,1
280,280,0.1323185011709604,0.6825000000000002,0.5999762244412743,1.0,-0.6560274333948826,-0.2327276173243239,-1.0,1
281,281,-0.2970335675253706,0.445735294117647,-0.2240846409890633,0.2325129533678756,-0.4328673173305196,0.5517868413665356,-1.0,1
282,282,1.0,-0.4570588235294117,-0.7825725154541132,-1.0,0.2257979424953838,0.8621442096398426,-1.0,1
283,283,0.1697892271662764,-0.3684558823529411,-0.5049334284355683,-0.2470854922279792,-0.207860722764442,0.4877448447387102,-1.0,1
284,284,-0.0542544886807179,-0.2854411764705882,-0.2179029957203995,-0.0213730569948186,0.088103402796096,-0.0898647017699444,-1.0,1
285,285,0.540593286494926,-0.1522058823529411,-0.1406324298621018,-0.1379533678756476,0.0469533104721709,-0.1834645429952275,-1.0,1
286,286,0.0698672911787668,-0.618235294117647,0.0999762244412743,-0.1418393782383419,0.0379847006067,-0.2881485759445573,-1.0,1
287,287,0.3717798594847776,0.2177205882352941,0.0622325249643366,0.1978626943005181,-0.2720917963597995,-0.2733696536458285,-1.0,1
288,288,0.1412958626073381,0.0086764705882352,-0.5523062291963862,-0.5369170984455959,0.3170667370087049,0.5443973802171711,-1.0,1
289,289,0.3868071818891492,-0.4336764705882353,-0.6199476937708036,-0.5097150259067358,-0.0754418359271959,0.390450272938745,-1.0,1
290,290,0.1329039812646371,0.0015441176470588,-0.0567641464574418,-0.2393134715025906,-0.1984964389343181,0.0135877543211578,0.625120910634847,1
291,291,0.1994535519125684,0.1023529411764705,0.0267475035663338,-0.005181347150259,0.0519651806911105,-0.0418332042990755,0.625120910634847,1
292,292,0.1908665105386418,0.0076470588235294,-0.0660960532572516,-0.2273316062176165,-0.2189395937747296,-0.0295174357168014,0.625120910634847,1
293,293,0.3243559718969556,0.0323529411764705,-0.1494293865905849,-0.0589378238341968,0.0321814824584542,-0.0775489331876703,0.625120910634847,1
294,294,0.2363387978142077,0.079485294117647,-0.119472182596291,-0.0333549222797927,0.0404906357161699,0.0339087724819101,0.625120910634847,1
295,295,-0.019125683060109,-0.0551470588235293,0.1184022824536377,-0.1321243523316062,0.0174096544447375,0.0259035229034319,0.625120910634847,1
296,296,-0.072989851678376,0.0599999999999999,0.0769139324774133,-0.074481865284974,0.0295436560274334,-0.028285858858574,0.625120910634847,1
297,297,0.1670569867291179,0.158235294117647,0.0656205420827389,0.0764248704663212,0.0524927459773147,0.1034928649717587,0.625120910634847,1
298,298,0.1178766588602655,0.0394117647058823,-0.1030076081787922,-0.0569948186528497,0.0662094434186231,0.1675348615995839,0.625120910634847,1
299,299,0.055425448868072,-0.0436764705882352,-0.1239895387541608,-0.2668393782383419,-0.0432603534687417,0.1613769773084469,0.625120910634847,1
